Sample	0	1	2	3	4	5	6	7	8	9	10	11	12	13	14	15	16	17	18	19	20	21	22	23	24	25	26	27	28	29	30	31	32	33	34	35
its-A01_S152_L001_R1_001	(16.0, 1.0)	(17.0, 0.0)	(18.0, 1.0)	(19.0, 3.0)	(20.0, 21.0)	(21.0, 81.0)	(22.0, 312.0)	(23.0, 995.0)	(24.0, 2312.0)	(25.0, 5012.0)	(26.0, 8716.0)	(27.0, 13568.0)	(28.0, 18904.0)	(29.0, 25352.0)	(30.0, 33233.0)	(31.0, 42705.0)	(32.0, 54812.0)	(33.0, 73146.0)	(34.0, 104213.0)	(35.0, 168391.0)	(36.0, 188079.0)	(37.0, 528.0)														
its-A01_S152_L001_R2_001	(12.0, 17.0)	(13.0, 121.0)	(14.0, 201.0)	(15.0, 195.0)	(16.0, 161.0)	(17.0, 139.0)	(18.0, 197.0)	(19.0, 295.0)	(20.0, 486.0)	(21.0, 763.0)	(22.0, 1397.0)	(23.0, 2527.0)	(24.0, 4340.0)	(25.0, 7375.0)	(26.0, 10859.0)	(27.0, 15097.0)	(28.0, 19842.0)	(29.0, 25323.0)	(30.0, 32826.0)	(31.0, 42743.0)	(32.0, 55157.0)	(33.0, 70146.0)	(34.0, 100710.0)	(35.0, 208141.0)	(36.0, 141106.0)	(37.0, 221.0)										
its-A02_S160_L001_R1_001	(2.0, 1.0)	(3.0, 0.0)	(4.0, 0.0)	(5.0, 0.0)	(6.0, 0.0)	(7.0, 0.0)	(8.0, 0.0)	(9.0, 0.0)	(10.0, 0.0)	(11.0, 0.0)	(12.0, 0.0)	(13.0, 0.0)	(14.0, 0.0)	(15.0, 0.0)	(16.0, 0.0)	(17.0, 1.0)	(18.0, 3.0)	(19.0, 4.0)	(20.0, 20.0)	(21.0, 105.0)	(22.0, 412.0)	(23.0, 1200.0)	(24.0, 2703.0)	(25.0, 5217.0)	(26.0, 8279.0)	(27.0, 12257.0)	(28.0, 16937.0)	(29.0, 23334.0)	(30.0, 30387.0)	(31.0, 41013.0)	(32.0, 53896.0)	(33.0, 73598.0)	(34.0, 106439.0)	(35.0, 171269.0)	(36.0, 176313.0)	(37.0, 1111.0)
its-A02_S160_L001_R2_001	(2.0, 1.0)	(3.0, 0.0)	(4.0, 0.0)	(5.0, 0.0)	(6.0, 0.0)	(7.0, 0.0)	(8.0, 0.0)	(9.0, 0.0)	(10.0, 0.0)	(11.0, 0.0)	(12.0, 9.0)	(13.0, 82.0)	(14.0, 147.0)	(15.0, 174.0)	(16.0, 169.0)	(17.0, 160.0)	(18.0, 143.0)	(19.0, 231.0)	(20.0, 457.0)	(21.0, 762.0)	(22.0, 1425.0)	(23.0, 2436.0)	(24.0, 4158.0)	(25.0, 6595.0)	(26.0, 9659.0)	(27.0, 13067.0)	(28.0, 17246.0)	(29.0, 23008.0)	(30.0, 29564.0)	(31.0, 39596.0)	(32.0, 50999.0)	(33.0, 66212.0)	(34.0, 95618.0)	(35.0, 204072.0)	(36.0, 158064.0)	(37.0, 445.0)
its-A03_S168_L001_R1_001	(16.0, 1.0)	(17.0, 0.0)	(18.0, 1.0)	(19.0, 5.0)	(20.0, 34.0)	(21.0, 139.0)	(22.0, 457.0)	(23.0, 1251.0)	(24.0, 2676.0)	(25.0, 5133.0)	(26.0, 8137.0)	(27.0, 11662.0)	(28.0, 15741.0)	(29.0, 20714.0)	(30.0, 26864.0)	(31.0, 34954.0)	(32.0, 45138.0)	(33.0, 60768.0)	(34.0, 88232.0)	(35.0, 141495.0)	(36.0, 134986.0)	(37.0, 1354.0)														
its-A03_S168_L001_R2_001	(12.0, 11.0)	(13.0, 72.0)	(14.0, 118.0)	(15.0, 134.0)	(16.0, 131.0)	(17.0, 120.0)	(18.0, 173.0)	(19.0, 320.0)	(20.0, 612.0)	(21.0, 984.0)	(22.0, 1746.0)	(23.0, 2936.0)	(24.0, 4681.0)	(25.0, 6756.0)	(26.0, 9165.0)	(27.0, 12271.0)	(28.0, 15505.0)	(29.0, 19672.0)	(30.0, 24749.0)	(31.0, 32393.0)	(32.0, 41422.0)	(33.0, 53570.0)	(34.0, 76829.0)	(35.0, 157353.0)	(36.0, 137453.0)	(37.0, 566.0)										
its-A04_S176_L001_R1_001	(17.0, 1.0)	(18.0, 2.0)	(19.0, 10.0)	(20.0, 55.0)	(21.0, 289.0)	(22.0, 928.0)	(23.0, 2519.0)	(24.0, 5815.0)	(25.0, 10317.0)	(26.0, 15651.0)	(27.0, 21501.0)	(28.0, 27502.0)	(29.0, 34818.0)	(30.0, 43289.0)	(31.0, 56020.0)	(32.0, 70089.0)	(33.0, 86412.0)	(34.0, 107639.0)	(35.0, 162635.0)	(36.0, 92314.0)	(37.0, 321.0)															
its-A04_S176_L001_R2_001	(12.0, 11.0)	(13.0, 84.0)	(14.0, 163.0)	(15.0, 163.0)	(16.0, 155.0)	(17.0, 146.0)	(18.0, 147.0)	(19.0, 155.0)	(20.0, 232.0)	(21.0, 362.0)	(22.0, 649.0)	(23.0, 1413.0)	(24.0, 2811.0)	(25.0, 4866.0)	(26.0, 7420.0)	(27.0, 10907.0)	(28.0, 14577.0)	(29.0, 19531.0)	(30.0, 26423.0)	(31.0, 36631.0)	(32.0, 49490.0)	(33.0, 66308.0)	(34.0, 98522.0)	(35.0, 214131.0)	(36.0, 182643.0)	(37.0, 187.0)										
its-A05_S184_L001_R1_001	(18.0, 1.0)	(19.0, 7.0)	(20.0, 13.0)	(21.0, 126.0)	(22.0, 474.0)	(23.0, 1586.0)	(24.0, 3885.0)	(25.0, 7812.0)	(26.0, 12871.0)	(27.0, 19313.0)	(28.0, 27625.0)	(29.0, 36742.0)	(30.0, 48377.0)	(31.0, 65128.0)	(32.0, 91156.0)	(33.0, 147067.0)	(34.0, 145315.0)	(35.0, 118860.0)	(36.0, 60791.0)	(37.0, 247.0)																
its-A05_S184_L001_R2_001	(12.0, 13.0)	(13.0, 105.0)	(14.0, 186.0)	(15.0, 166.0)	(16.0, 181.0)	(17.0, 154.0)	(18.0, 161.0)	(19.0, 193.0)	(20.0, 224.0)	(21.0, 341.0)	(22.0, 644.0)	(23.0, 1403.0)	(24.0, 2833.0)	(25.0, 5052.0)	(26.0, 8062.0)	(27.0, 11949.0)	(28.0, 16908.0)	(29.0, 23367.0)	(30.0, 31935.0)	(31.0, 44038.0)	(32.0, 58807.0)	(33.0, 77690.0)	(34.0, 119840.0)	(35.0, 241784.0)	(36.0, 141175.0)	(37.0, 185.0)										
its-A06_S192_L001_R1_001	(2.0, 1.0)	(3.0, 0.0)	(4.0, 0.0)	(5.0, 0.0)	(6.0, 0.0)	(7.0, 0.0)	(8.0, 0.0)	(9.0, 0.0)	(10.0, 0.0)	(11.0, 0.0)	(12.0, 0.0)	(13.0, 0.0)	(14.0, 0.0)	(15.0, 0.0)	(16.0, 1.0)	(17.0, 0.0)	(18.0, 3.0)	(19.0, 12.0)	(20.0, 26.0)	(21.0, 137.0)	(22.0, 478.0)	(23.0, 1418.0)	(24.0, 3485.0)	(25.0, 7081.0)	(26.0, 11240.0)	(27.0, 16316.0)	(28.0, 21736.0)	(29.0, 27565.0)	(30.0, 34108.0)	(31.0, 43400.0)	(32.0, 56216.0)	(33.0, 76428.0)	(34.0, 109958.0)	(35.0, 216501.0)	(36.0, 237676.0)	(37.0, 323.0)
its-A06_S192_L001_R2_001	(2.0, 1.0)	(3.0, 0.0)	(4.0, 0.0)	(5.0, 0.0)	(6.0, 0.0)	(7.0, 0.0)	(8.0, 0.0)	(9.0, 0.0)	(10.0, 0.0)	(11.0, 0.0)	(12.0, 21.0)	(13.0, 85.0)	(14.0, 220.0)	(15.0, 230.0)	(16.0, 223.0)	(17.0, 186.0)	(18.0, 167.0)	(19.0, 218.0)	(20.0, 304.0)	(21.0, 429.0)	(22.0, 933.0)	(23.0, 2044.0)	(24.0, 4195.0)	(25.0, 7284.0)	(26.0, 11421.0)	(27.0, 15673.0)	(28.0, 20082.0)	(29.0, 26485.0)	(30.0, 34710.0)	(31.0, 46307.0)	(32.0, 60375.0)	(33.0, 78604.0)	(34.0, 113691.0)	(35.0, 248784.0)	(36.0, 191246.0)	(37.0, 191.0)
its-A07_S200_L001_R1_001	(18.0, 3.0)	(19.0, 3.0)	(20.0, 11.0)	(21.0, 55.0)	(22.0, 203.0)	(23.0, 595.0)	(24.0, 1685.0)	(25.0, 4000.0)	(26.0, 7124.0)	(27.0, 12211.0)	(28.0, 18203.0)	(29.0, 25781.0)	(30.0, 34385.0)	(31.0, 44608.0)	(32.0, 59244.0)	(33.0, 81787.0)	(34.0, 121966.0)	(35.0, 245093.0)	(36.0, 304777.0)	(37.0, 635.0)																
its-A07_S200_L001_R2_001	(12.0, 19.0)	(13.0, 143.0)	(14.0, 201.0)	(15.0, 191.0)	(16.0, 197.0)	(17.0, 180.0)	(18.0, 177.0)	(19.0, 216.0)	(20.0, 284.0)	(21.0, 385.0)	(22.0, 792.0)	(23.0, 1561.0)	(24.0, 3195.0)	(25.0, 5909.0)	(26.0, 9501.0)	(27.0, 14360.0)	(28.0, 19958.0)	(29.0, 27274.0)	(30.0, 36261.0)	(31.0, 49444.0)	(32.0, 65666.0)	(33.0, 86578.0)	(34.0, 126130.0)	(35.0, 285580.0)	(36.0, 227807.0)	(37.0, 360.0)										
its-A08_S208_L001_R1_001	(2.0, 2.0)	(3.0, 0.0)	(4.0, 0.0)	(5.0, 0.0)	(6.0, 0.0)	(7.0, 0.0)	(8.0, 0.0)	(9.0, 0.0)	(10.0, 0.0)	(11.0, 0.0)	(12.0, 0.0)	(13.0, 0.0)	(14.0, 0.0)	(15.0, 0.0)	(16.0, 1.0)	(17.0, 1.0)	(18.0, 4.0)	(19.0, 9.0)	(20.0, 26.0)	(21.0, 114.0)	(22.0, 492.0)	(23.0, 1520.0)	(24.0, 3837.0)	(25.0, 7653.0)	(26.0, 12759.0)	(27.0, 18754.0)	(28.0, 25248.0)	(29.0, 32714.0)	(30.0, 41906.0)	(31.0, 54315.0)	(32.0, 71380.0)	(33.0, 98191.0)	(34.0, 147498.0)	(35.0, 275038.0)	(36.0, 137784.0)	(37.0, 436.0)
its-A08_S208_L001_R2_001	(2.0, 2.0)	(3.0, 0.0)	(4.0, 0.0)	(5.0, 0.0)	(6.0, 0.0)	(7.0, 0.0)	(8.0, 0.0)	(9.0, 0.0)	(10.0, 0.0)	(11.0, 0.0)	(12.0, 24.0)	(13.0, 153.0)	(14.0, 248.0)	(15.0, 208.0)	(16.0, 178.0)	(17.0, 180.0)	(18.0, 192.0)	(19.0, 205.0)	(20.0, 256.0)	(21.0, 372.0)	(22.0, 684.0)	(23.0, 1200.0)	(24.0, 2273.0)	(25.0, 4091.0)	(26.0, 6662.0)	(27.0, 10257.0)	(28.0, 15043.0)	(29.0, 21589.0)	(30.0, 31079.0)	(31.0, 45158.0)	(32.0, 62769.0)	(33.0, 84199.0)	(34.0, 127602.0)	(35.0, 291295.0)	(36.0, 223393.0)	(37.0, 370.0)
its-A09_S216_L001_R1_001	(2.0, 1.0)	(3.0, 0.0)	(4.0, 0.0)	(5.0, 0.0)	(6.0, 0.0)	(7.0, 0.0)	(8.0, 0.0)	(9.0, 0.0)	(10.0, 0.0)	(11.0, 0.0)	(12.0, 0.0)	(13.0, 0.0)	(14.0, 0.0)	(15.0, 0.0)	(16.0, 0.0)	(17.0, 1.0)	(18.0, 2.0)	(19.0, 10.0)	(20.0, 42.0)	(21.0, 159.0)	(22.0, 534.0)	(23.0, 1437.0)	(24.0, 2922.0)	(25.0, 5561.0)	(26.0, 8502.0)	(27.0, 12472.0)	(28.0, 17185.0)	(29.0, 22835.0)	(30.0, 28683.0)	(31.0, 37939.0)	(32.0, 50764.0)	(33.0, 66430.0)	(34.0, 92735.0)	(35.0, 175998.0)	(36.0, 179627.0)	(37.0, 312.0)
its-A09_S216_L001_R2_001	(2.0, 2.0)	(3.0, 0.0)	(4.0, 0.0)	(5.0, 0.0)	(6.0, 0.0)	(7.0, 0.0)	(8.0, 0.0)	(9.0, 0.0)	(10.0, 0.0)	(11.0, 0.0)	(12.0, 6.0)	(13.0, 44.0)	(14.0, 140.0)	(15.0, 173.0)	(16.0, 159.0)	(17.0, 154.0)	(18.0, 136.0)	(19.0, 164.0)	(20.0, 248.0)	(21.0, 434.0)	(22.0, 812.0)	(23.0, 1683.0)	(24.0, 3192.0)	(25.0, 5381.0)	(26.0, 8310.0)	(27.0, 11622.0)	(28.0, 15465.0)	(29.0, 20738.0)	(30.0, 27800.0)	(31.0, 37262.0)	(32.0, 47914.0)	(33.0, 62752.0)	(34.0, 93029.0)	(35.0, 182026.0)	(36.0, 184337.0)	(37.0, 168.0)
its-A10_S224_L001_R1_001	(18.0, 1.0)	(19.0, 4.0)	(20.0, 32.0)	(21.0, 136.0)	(22.0, 450.0)	(23.0, 1195.0)	(24.0, 2664.0)	(25.0, 5068.0)	(26.0, 8214.0)	(27.0, 12249.0)	(28.0, 17215.0)	(29.0, 23375.0)	(30.0, 30424.0)	(31.0, 40813.0)	(32.0, 55202.0)	(33.0, 70660.0)	(34.0, 95219.0)	(35.0, 174255.0)	(36.0, 193880.0)	(37.0, 517.0)																
its-A10_S224_L001_R2_001	(12.0, 1.0)	(13.0, 53.0)	(14.0, 145.0)	(15.0, 178.0)	(16.0, 186.0)	(17.0, 154.0)	(18.0, 157.0)	(19.0, 221.0)	(20.0, 284.0)	(21.0, 476.0)	(22.0, 890.0)	(23.0, 1860.0)	(24.0, 3428.0)	(25.0, 5987.0)	(26.0, 9041.0)	(27.0, 12579.0)	(28.0, 16748.0)	(29.0, 22223.0)	(30.0, 29807.0)	(31.0, 39445.0)	(32.0, 50651.0)	(33.0, 65621.0)	(34.0, 95165.0)	(35.0, 180803.0)	(36.0, 195222.0)	(37.0, 248.0)										
its-A11_S232_L001_R1_001	(18.0, 2.0)	(19.0, 6.0)	(20.0, 35.0)	(21.0, 156.0)	(22.0, 580.0)	(23.0, 1590.0)	(24.0, 3842.0)	(25.0, 7191.0)	(26.0, 10993.0)	(27.0, 15816.0)	(28.0, 21368.0)	(29.0, 28152.0)	(30.0, 36196.0)	(31.0, 48017.0)	(32.0, 64559.0)	(33.0, 89563.0)	(34.0, 129342.0)	(35.0, 227777.0)	(36.0, 189063.0)	(37.0, 539.0)																
its-A11_S232_L001_R2_001	(12.0, 11.0)	(13.0, 110.0)	(14.0, 197.0)	(15.0, 231.0)	(16.0, 186.0)	(17.0, 162.0)	(18.0, 164.0)	(19.0, 208.0)	(20.0, 276.0)	(21.0, 468.0)	(22.0, 817.0)	(23.0, 1603.0)	(24.0, 3150.0)	(25.0, 5385.0)	(26.0, 8604.0)	(27.0, 12470.0)	(28.0, 17527.0)	(29.0, 24174.0)	(30.0, 33318.0)	(31.0, 46335.0)	(32.0, 63009.0)	(33.0, 84626.0)	(34.0, 128854.0)	(35.0, 266239.0)	(36.0, 176373.0)	(37.0, 290.0)										
its-A12_S240_L001_R1_001	(16.0, 2.0)	(17.0, 0.0)	(18.0, 6.0)	(19.0, 19.0)	(20.0, 159.0)	(21.0, 687.0)	(22.0, 1892.0)	(23.0, 4264.0)	(24.0, 8212.0)	(25.0, 13115.0)	(26.0, 18244.0)	(27.0, 24713.0)	(28.0, 31347.0)	(29.0, 36801.0)	(30.0, 43787.0)	(31.0, 55189.0)	(32.0, 66913.0)	(33.0, 80958.0)	(34.0, 98243.0)	(35.0, 157319.0)	(36.0, 87034.0)	(37.0, 218.0)														
its-A12_S240_L001_R2_001	(12.0, 5.0)	(13.0, 60.0)	(14.0, 173.0)	(15.0, 190.0)	(16.0, 138.0)	(17.0, 136.0)	(18.0, 127.0)	(19.0, 128.0)	(20.0, 206.0)	(21.0, 292.0)	(22.0, 511.0)	(23.0, 1008.0)	(24.0, 1965.0)	(25.0, 3488.0)	(26.0, 5507.0)	(27.0, 8461.0)	(28.0, 11778.0)	(29.0, 17279.0)	(30.0, 25595.0)	(31.0, 38065.0)	(32.0, 46521.0)	(33.0, 59510.0)	(34.0, 90525.0)	(35.0, 203877.0)	(36.0, 213256.0)	(37.0, 321.0)										
its-B01_S153_L001_R1_001	(2.0, 1.0)	(3.0, 0.0)	(4.0, 0.0)	(5.0, 0.0)	(6.0, 0.0)	(7.0, 0.0)	(8.0, 0.0)	(9.0, 0.0)	(10.0, 0.0)	(11.0, 0.0)	(12.0, 0.0)	(13.0, 0.0)	(14.0, 0.0)	(15.0, 0.0)	(16.0, 0.0)	(17.0, 0.0)	(18.0, 1.0)	(19.0, 3.0)	(20.0, 32.0)	(21.0, 168.0)	(22.0, 624.0)	(23.0, 1774.0)	(24.0, 3986.0)	(25.0, 7552.0)	(26.0, 12352.0)	(27.0, 17356.0)	(28.0, 23300.0)	(29.0, 30757.0)	(30.0, 39242.0)	(31.0, 50663.0)	(32.0, 65521.0)	(33.0, 86007.0)	(34.0, 124785.0)	(35.0, 205687.0)	(36.0, 198580.0)	(37.0, 593.0)
its-B01_S153_L001_R2_001	(2.0, 1.0)	(3.0, 0.0)	(4.0, 0.0)	(5.0, 0.0)	(6.0, 0.0)	(7.0, 0.0)	(8.0, 0.0)	(9.0, 0.0)	(10.0, 0.0)	(11.0, 1.0)	(12.0, 20.0)	(13.0, 132.0)	(14.0, 202.0)	(15.0, 218.0)	(16.0, 199.0)	(17.0, 177.0)	(18.0, 194.0)	(19.0, 289.0)	(20.0, 473.0)	(21.0, 874.0)	(22.0, 1691.0)	(23.0, 3110.0)	(24.0, 5292.0)	(25.0, 8194.0)	(26.0, 11752.0)	(27.0, 15896.0)	(28.0, 20448.0)	(29.0, 25946.0)	(30.0, 34279.0)	(31.0, 45509.0)	(32.0, 60317.0)	(33.0, 79692.0)	(34.0, 113617.0)	(35.0, 246623.0)	(36.0, 193581.0)	(37.0, 257.0)
its-B02_S161_L001_R1_001	(2.0, 3.0)	(3.0, 0.0)	(4.0, 0.0)	(5.0, 0.0)	(6.0, 0.0)	(7.0, 0.0)	(8.0, 0.0)	(9.0, 0.0)	(10.0, 0.0)	(11.0, 0.0)	(12.0, 0.0)	(13.0, 0.0)	(14.0, 0.0)	(15.0, 0.0)	(16.0, 0.0)	(17.0, 0.0)	(18.0, 1.0)	(19.0, 6.0)	(20.0, 52.0)	(21.0, 264.0)	(22.0, 855.0)	(23.0, 2215.0)	(24.0, 4713.0)	(25.0, 8967.0)	(26.0, 14268.0)	(27.0, 20400.0)	(28.0, 27323.0)	(29.0, 34928.0)	(30.0, 43886.0)	(31.0, 54917.0)	(32.0, 69716.0)	(33.0, 91315.0)	(34.0, 119769.0)	(35.0, 138582.0)	(36.0, 38479.0)	(37.0, 370.0)
its-B02_S161_L001_R2_001	(2.0, 3.0)	(3.0, 0.0)	(4.0, 0.0)	(5.0, 0.0)	(6.0, 0.0)	(7.0, 0.0)	(8.0, 0.0)	(9.0, 0.0)	(10.0, 0.0)	(11.0, 0.0)	(12.0, 15.0)	(13.0, 97.0)	(14.0, 156.0)	(15.0, 180.0)	(16.0, 164.0)	(17.0, 131.0)	(18.0, 147.0)	(19.0, 189.0)	(20.0, 289.0)	(21.0, 410.0)	(22.0, 598.0)	(23.0, 983.0)	(24.0, 1578.0)	(25.0, 2639.0)	(26.0, 4226.0)	(27.0, 6584.0)	(28.0, 9962.0)	(29.0, 14859.0)	(30.0, 22036.0)	(31.0, 32468.0)	(32.0, 45616.0)	(33.0, 62993.0)	(34.0, 97634.0)	(35.0, 212931.0)	(36.0, 153737.0)	(37.0, 404.0)
its-B03_S169_L001_R1_001	(16.0, 3.0)	(17.0, 1.0)	(18.0, 2.0)	(19.0, 5.0)	(20.0, 39.0)	(21.0, 182.0)	(22.0, 553.0)	(23.0, 1519.0)	(24.0, 3296.0)	(25.0, 6010.0)	(26.0, 9266.0)	(27.0, 13040.0)	(28.0, 17255.0)	(29.0, 23161.0)	(30.0, 29679.0)	(31.0, 38111.0)	(32.0, 49339.0)	(33.0, 65921.0)	(34.0, 93999.0)	(35.0, 147629.0)	(36.0, 115577.0)	(37.0, 967.0)														
its-B03_S169_L001_R2_001	(11.0, 1.0)	(12.0, 13.0)	(13.0, 66.0)	(14.0, 140.0)	(15.0, 140.0)	(16.0, 140.0)	(17.0, 131.0)	(18.0, 152.0)	(19.0, 293.0)	(20.0, 481.0)	(21.0, 1001.0)	(22.0, 1570.0)	(23.0, 2515.0)	(24.0, 3759.0)	(25.0, 5672.0)	(26.0, 7883.0)	(27.0, 10406.0)	(28.0, 13628.0)	(29.0, 18105.0)	(30.0, 24188.0)	(31.0, 31923.0)	(32.0, 42532.0)	(33.0, 57550.0)	(34.0, 82356.0)	(35.0, 157408.0)	(36.0, 152860.0)	(37.0, 641.0)									
its-B04_S177_L001_R1_001	(2.0, 1.0)	(3.0, 0.0)	(4.0, 0.0)	(5.0, 0.0)	(6.0, 0.0)	(7.0, 0.0)	(8.0, 0.0)	(9.0, 0.0)	(10.0, 0.0)	(11.0, 0.0)	(12.0, 0.0)	(13.0, 0.0)	(14.0, 0.0)	(15.0, 0.0)	(16.0, 0.0)	(17.0, 0.0)	(18.0, 2.0)	(19.0, 14.0)	(20.0, 80.0)	(21.0, 389.0)	(22.0, 1395.0)	(23.0, 3709.0)	(24.0, 8104.0)	(25.0, 14329.0)	(26.0, 21044.0)	(27.0, 28245.0)	(28.0, 35318.0)	(29.0, 44650.0)	(30.0, 54539.0)	(31.0, 69539.0)	(32.0, 87592.0)	(33.0, 109650.0)	(34.0, 137045.0)	(35.0, 208527.0)	(36.0, 154154.0)	(37.0, 238.0)
its-B04_S177_L001_R2_001	(12.0, 17.0)	(13.0, 146.0)	(14.0, 262.0)	(15.0, 223.0)	(16.0, 210.0)	(17.0, 178.0)	(18.0, 204.0)	(19.0, 265.0)	(20.0, 382.0)	(21.0, 739.0)	(22.0, 1627.0)	(23.0, 3210.0)	(24.0, 6002.0)	(25.0, 9688.0)	(26.0, 13549.0)	(27.0, 18037.0)	(28.0, 22900.0)	(29.0, 29520.0)	(30.0, 38437.0)	(31.0, 51271.0)	(32.0, 67208.0)	(33.0, 87844.0)	(34.0, 125527.0)	(35.0, 264139.0)	(36.0, 236782.0)	(37.0, 197.0)										
its-B05_S185_L001_R1_001	(2.0, 1.0)	(3.0, 0.0)	(4.0, 0.0)	(5.0, 0.0)	(6.0, 0.0)	(7.0, 0.0)	(8.0, 0.0)	(9.0, 0.0)	(10.0, 0.0)	(11.0, 0.0)	(12.0, 0.0)	(13.0, 0.0)	(14.0, 0.0)	(15.0, 0.0)	(16.0, 1.0)	(17.0, 0.0)	(18.0, 0.0)	(19.0, 3.0)	(20.0, 8.0)	(21.0, 63.0)	(22.0, 219.0)	(23.0, 714.0)	(24.0, 1761.0)	(25.0, 3509.0)	(26.0, 5967.0)	(27.0, 9281.0)	(28.0, 13802.0)	(29.0, 19051.0)	(30.0, 25849.0)	(31.0, 34921.0)	(32.0, 48121.0)	(33.0, 74176.0)	(34.0, 112442.0)	(35.0, 97419.0)	(36.0, 92559.0)	(37.0, 341.0)
its-B05_S185_L001_R2_001	(2.0, 1.0)	(3.0, 0.0)	(4.0, 0.0)	(5.0, 0.0)	(6.0, 0.0)	(7.0, 0.0)	(8.0, 0.0)	(9.0, 0.0)	(10.0, 0.0)	(11.0, 0.0)	(12.0, 6.0)	(13.0, 61.0)	(14.0, 122.0)	(15.0, 114.0)	(16.0, 112.0)	(17.0, 92.0)	(18.0, 94.0)	(19.0, 124.0)	(20.0, 191.0)	(21.0, 318.0)	(22.0, 612.0)	(23.0, 1327.0)	(24.0, 2626.0)	(25.0, 4671.0)	(26.0, 7132.0)	(27.0, 10133.0)	(28.0, 13888.0)	(29.0, 18748.0)	(30.0, 24296.0)	(31.0, 31650.0)	(32.0, 41447.0)	(33.0, 53309.0)	(34.0, 79495.0)	(35.0, 155856.0)	(36.0, 93638.0)	(37.0, 145.0)
its-B06_S193_L001_R1_001	(19.0, 4.0)	(20.0, 14.0)	(21.0, 85.0)	(22.0, 295.0)	(23.0, 898.0)	(24.0, 2186.0)	(25.0, 4297.0)	(26.0, 7302.0)	(27.0, 11178.0)	(28.0, 15583.0)	(29.0, 21207.0)	(30.0, 27598.0)	(31.0, 36529.0)	(32.0, 48830.0)	(33.0, 68292.0)	(34.0, 103928.0)	(35.0, 197265.0)	(36.0, 327368.0)	(37.0, 671.0)																	
its-B06_S193_L001_R2_001	(12.0, 13.0)	(13.0, 71.0)	(14.0, 145.0)	(15.0, 201.0)	(16.0, 195.0)	(17.0, 188.0)	(18.0, 182.0)	(19.0, 207.0)	(20.0, 308.0)	(21.0, 451.0)	(22.0, 853.0)	(23.0, 1677.0)	(24.0, 3296.0)	(25.0, 5709.0)	(26.0, 9129.0)	(27.0, 13563.0)	(28.0, 18799.0)	(29.0, 25261.0)	(30.0, 33991.0)	(31.0, 45867.0)	(32.0, 60401.0)	(33.0, 79062.0)	(34.0, 114018.0)	(35.0, 248536.0)	(36.0, 211223.0)	(37.0, 184.0)										
its-B07_S201_L001_R1_001	(18.0, 1.0)	(19.0, 12.0)	(20.0, 66.0)	(21.0, 321.0)	(22.0, 1196.0)	(23.0, 3165.0)	(24.0, 7187.0)	(25.0, 13099.0)	(26.0, 18682.0)	(27.0, 23574.0)	(28.0, 28559.0)	(29.0, 34338.0)	(30.0, 41665.0)	(31.0, 52273.0)	(32.0, 65902.0)	(33.0, 90056.0)	(34.0, 141473.0)	(35.0, 158895.0)	(36.0, 29782.0)	(37.0, 58.0)																
its-B07_S201_L001_R2_001	(12.0, 12.0)	(13.0, 81.0)	(14.0, 144.0)	(15.0, 142.0)	(16.0, 150.0)	(17.0, 157.0)	(18.0, 147.0)	(19.0, 177.0)	(20.0, 201.0)	(21.0, 291.0)	(22.0, 474.0)	(23.0, 827.0)	(24.0, 1622.0)	(25.0, 3120.0)	(26.0, 5104.0)	(27.0, 7904.0)	(28.0, 11480.0)	(29.0, 16237.0)	(30.0, 23245.0)	(31.0, 33767.0)	(32.0, 46704.0)	(33.0, 63972.0)	(34.0, 100747.0)	(35.0, 231606.0)	(36.0, 161821.0)	(37.0, 172.0)										
its-B08_S209_L001_R1_001	(18.0, 1.0)	(19.0, 5.0)	(20.0, 19.0)	(21.0, 91.0)	(22.0, 409.0)	(23.0, 1257.0)	(24.0, 3243.0)	(25.0, 6608.0)	(26.0, 11172.0)	(27.0, 16674.0)	(28.0, 22512.0)	(29.0, 28588.0)	(30.0, 35126.0)	(31.0, 44352.0)	(32.0, 56136.0)	(33.0, 76414.0)	(34.0, 110227.0)	(35.0, 215951.0)	(36.0, 191542.0)	(37.0, 379.0)																
its-B08_S209_L001_R2_001	(12.0, 17.0)	(13.0, 103.0)	(14.0, 195.0)	(15.0, 200.0)	(16.0, 191.0)	(17.0, 175.0)	(18.0, 167.0)	(19.0, 226.0)	(20.0, 245.0)	(21.0, 364.0)	(22.0, 693.0)	(23.0, 1329.0)	(24.0, 2731.0)	(25.0, 5270.0)	(26.0, 8283.0)	(27.0, 12779.0)	(28.0, 17805.0)	(29.0, 24923.0)	(30.0, 33317.0)	(31.0, 45787.0)	(32.0, 59448.0)	(33.0, 76746.0)	(34.0, 112781.0)	(35.0, 246876.0)	(36.0, 169817.0)	(37.0, 238.0)										
its-B09_S217_L001_R1_001	(18.0, 4.0)	(19.0, 5.0)	(20.0, 51.0)	(21.0, 148.0)	(22.0, 469.0)	(23.0, 1280.0)	(24.0, 2767.0)	(25.0, 5367.0)	(26.0, 9307.0)	(27.0, 14123.0)	(28.0, 20422.0)	(29.0, 27934.0)	(30.0, 36386.0)	(31.0, 49311.0)	(32.0, 63337.0)	(33.0, 79276.0)	(34.0, 113660.0)	(35.0, 167173.0)	(36.0, 73679.0)	(37.0, 116.0)																
its-B09_S217_L001_R2_001	(12.0, 4.0)	(13.0, 68.0)	(14.0, 166.0)	(15.0, 202.0)	(16.0, 175.0)	(17.0, 169.0)	(18.0, 125.0)	(19.0, 139.0)	(20.0, 215.0)	(21.0, 270.0)	(22.0, 406.0)	(23.0, 716.0)	(24.0, 1342.0)	(25.0, 2460.0)	(26.0, 4172.0)	(27.0, 6705.0)	(28.0, 10030.0)	(29.0, 15620.0)	(30.0, 23269.0)	(31.0, 33802.0)	(32.0, 45930.0)	(33.0, 63188.0)	(34.0, 98297.0)	(35.0, 190735.0)	(36.0, 166453.0)	(37.0, 157.0)										
its-B10_S225_L001_R1_001	(17.0, 1.0)	(18.0, 1.0)	(19.0, 8.0)	(20.0, 28.0)	(21.0, 162.0)	(22.0, 467.0)	(23.0, 1231.0)	(24.0, 2838.0)	(25.0, 5369.0)	(26.0, 8540.0)	(27.0, 12881.0)	(28.0, 17896.0)	(29.0, 24406.0)	(30.0, 32863.0)	(31.0, 44205.0)	(32.0, 61275.0)	(33.0, 80040.0)	(34.0, 107075.0)	(35.0, 188337.0)	(36.0, 198416.0)	(37.0, 495.0)															
its-B10_S225_L001_R2_001	(12.0, 3.0)	(13.0, 41.0)	(14.0, 157.0)	(15.0, 202.0)	(16.0, 193.0)	(17.0, 167.0)	(18.0, 156.0)	(19.0, 177.0)	(20.0, 283.0)	(21.0, 536.0)	(22.0, 1010.0)	(23.0, 2002.0)	(24.0, 4005.0)	(25.0, 6470.0)	(26.0, 9698.0)	(27.0, 13295.0)	(28.0, 17847.0)	(29.0, 23110.0)	(30.0, 30746.0)	(31.0, 41412.0)	(32.0, 53795.0)	(33.0, 70509.0)	(34.0, 103630.0)	(35.0, 198035.0)	(36.0, 208831.0)	(37.0, 224.0)										
its-B11_S233_L001_R1_001	(18.0, 1.0)	(19.0, 1.0)	(20.0, 16.0)	(21.0, 72.0)	(22.0, 272.0)	(23.0, 834.0)	(24.0, 2162.0)	(25.0, 4374.0)	(26.0, 7802.0)	(27.0, 12421.0)	(28.0, 18103.0)	(29.0, 24768.0)	(30.0, 32600.0)	(31.0, 42660.0)	(32.0, 56841.0)	(33.0, 79303.0)	(34.0, 113498.0)	(35.0, 206922.0)	(36.0, 259227.0)	(37.0, 836.0)																
its-B11_S233_L001_R2_001	(12.0, 15.0)	(13.0, 111.0)	(14.0, 213.0)	(15.0, 224.0)	(16.0, 194.0)	(17.0, 190.0)	(18.0, 161.0)	(19.0, 220.0)	(20.0, 292.0)	(21.0, 574.0)	(22.0, 1111.0)	(23.0, 2276.0)	(24.0, 4585.0)	(25.0, 7870.0)	(26.0, 11502.0)	(27.0, 16021.0)	(28.0, 21081.0)	(29.0, 27338.0)	(30.0, 35098.0)	(31.0, 46208.0)	(32.0, 61233.0)	(33.0, 80774.0)	(34.0, 114666.0)	(35.0, 241350.0)	(36.0, 189086.0)	(37.0, 320.0)										
its-B12_S241_L001_R1_001	(16.0, 1.0)	(17.0, 0.0)	(18.0, 8.0)	(19.0, 18.0)	(20.0, 99.0)	(21.0, 387.0)	(22.0, 1140.0)	(23.0, 2816.0)	(24.0, 5882.0)	(25.0, 10223.0)	(26.0, 15337.0)	(27.0, 21430.0)	(28.0, 28819.0)	(29.0, 38634.0)	(30.0, 47435.0)	(31.0, 60724.0)	(32.0, 84508.0)	(33.0, 112429.0)	(34.0, 127702.0)	(35.0, 120189.0)	(36.0, 174285.0)	(37.0, 1023.0)														
its-B12_S241_L001_R2_001	(12.0, 10.0)	(13.0, 76.0)	(14.0, 174.0)	(15.0, 232.0)	(16.0, 189.0)	(17.0, 194.0)	(18.0, 190.0)	(19.0, 236.0)	(20.0, 350.0)	(21.0, 631.0)	(22.0, 1395.0)	(23.0, 2612.0)	(24.0, 4932.0)	(25.0, 7769.0)	(26.0, 11129.0)	(27.0, 15168.0)	(28.0, 19787.0)	(29.0, 25791.0)	(30.0, 35082.0)	(31.0, 46744.0)	(32.0, 57249.0)	(33.0, 72179.0)	(34.0, 100676.0)	(35.0, 211222.0)	(36.0, 238666.0)	(37.0, 406.0)										
its-C01_S154_L001_R1_001	(2.0, 1.0)	(3.0, 0.0)	(4.0, 0.0)	(5.0, 0.0)	(6.0, 0.0)	(7.0, 0.0)	(8.0, 0.0)	(9.0, 0.0)	(10.0, 0.0)	(11.0, 0.0)	(12.0, 0.0)	(13.0, 0.0)	(14.0, 0.0)	(15.0, 0.0)	(16.0, 0.0)	(17.0, 0.0)	(18.0, 1.0)	(19.0, 3.0)	(20.0, 30.0)	(21.0, 125.0)	(22.0, 500.0)	(23.0, 1465.0)	(24.0, 3524.0)	(25.0, 6626.0)	(26.0, 10960.0)	(27.0, 15660.0)	(28.0, 21696.0)	(29.0, 28670.0)	(30.0, 37522.0)	(31.0, 49096.0)	(32.0, 63522.0)	(33.0, 86475.0)	(34.0, 127186.0)	(35.0, 203858.0)	(36.0, 233408.0)	(37.0, 630.0)
its-C01_S154_L001_R2_001	(2.0, 1.0)	(3.0, 0.0)	(4.0, 0.0)	(5.0, 0.0)	(6.0, 0.0)	(7.0, 0.0)	(8.0, 0.0)	(9.0, 0.0)	(10.0, 0.0)	(11.0, 0.0)	(12.0, 15.0)	(13.0, 142.0)	(14.0, 218.0)	(15.0, 235.0)	(16.0, 193.0)	(17.0, 158.0)	(18.0, 204.0)	(19.0, 331.0)	(20.0, 542.0)	(21.0, 941.0)	(22.0, 1593.0)	(23.0, 3013.0)	(24.0, 5394.0)	(25.0, 8609.0)	(26.0, 12382.0)	(27.0, 16671.0)	(28.0, 21607.0)	(29.0, 28026.0)	(30.0, 35934.0)	(31.0, 47300.0)	(32.0, 61491.0)	(33.0, 80338.0)	(34.0, 116879.0)	(35.0, 252311.0)	(36.0, 196170.0)	(37.0, 260.0)
its-C02_S162_L001_R1_001	(2.0, 4.0)	(3.0, 0.0)	(4.0, 0.0)	(5.0, 0.0)	(6.0, 0.0)	(7.0, 0.0)	(8.0, 0.0)	(9.0, 0.0)	(10.0, 0.0)	(11.0, 0.0)	(12.0, 0.0)	(13.0, 0.0)	(14.0, 0.0)	(15.0, 0.0)	(16.0, 0.0)	(17.0, 1.0)	(18.0, 1.0)	(19.0, 9.0)	(20.0, 41.0)	(21.0, 207.0)	(22.0, 720.0)	(23.0, 2094.0)	(24.0, 4675.0)	(25.0, 8711.0)	(26.0, 13601.0)	(27.0, 19202.0)	(28.0, 26029.0)	(29.0, 33825.0)	(30.0, 43605.0)	(31.0, 56043.0)	(32.0, 72530.0)	(33.0, 97942.0)	(34.0, 141028.0)	(35.0, 228368.0)	(36.0, 223269.0)	(37.0, 1123.0)
its-C02_S162_L001_R2_001	(2.0, 4.0)	(3.0, 0.0)	(4.0, 0.0)	(5.0, 0.0)	(6.0, 0.0)	(7.0, 0.0)	(8.0, 0.0)	(9.0, 0.0)	(10.0, 0.0)	(11.0, 0.0)	(12.0, 13.0)	(13.0, 123.0)	(14.0, 228.0)	(15.0, 266.0)	(16.0, 205.0)	(17.0, 196.0)	(18.0, 272.0)	(19.0, 362.0)	(20.0, 648.0)	(21.0, 1152.0)	(22.0, 1951.0)	(23.0, 3583.0)	(24.0, 5971.0)	(25.0, 9242.0)	(26.0, 13142.0)	(27.0, 17495.0)	(28.0, 22646.0)	(29.0, 29085.0)	(30.0, 37627.0)	(31.0, 50173.0)	(32.0, 66588.0)	(33.0, 88083.0)	(34.0, 123133.0)	(35.0, 257889.0)	(36.0, 242361.0)	(37.0, 590.0)
its-C03_S170_L001_R1_001	(2.0, 3.0)	(3.0, 0.0)	(4.0, 0.0)	(5.0, 0.0)	(6.0, 0.0)	(7.0, 0.0)	(8.0, 0.0)	(9.0, 0.0)	(10.0, 0.0)	(11.0, 0.0)	(12.0, 0.0)	(13.0, 0.0)	(14.0, 0.0)	(15.0, 0.0)	(16.0, 0.0)	(17.0, 0.0)	(18.0, 2.0)	(19.0, 10.0)	(20.0, 62.0)	(21.0, 302.0)	(22.0, 1093.0)	(23.0, 2781.0)	(24.0, 6003.0)	(25.0, 10706.0)	(26.0, 15829.0)	(27.0, 21141.0)	(28.0, 26821.0)	(29.0, 33544.0)	(30.0, 40924.0)	(31.0, 50903.0)	(32.0, 64383.0)	(33.0, 85542.0)	(34.0, 122407.0)	(35.0, 183535.0)	(36.0, 97100.0)	(37.0, 552.0)
its-C03_S170_L001_R2_001	(2.0, 3.0)	(3.0, 0.0)	(4.0, 0.0)	(5.0, 0.0)	(6.0, 0.0)	(7.0, 0.0)	(8.0, 0.0)	(9.0, 0.0)	(10.0, 0.0)	(11.0, 0.0)	(12.0, 4.0)	(13.0, 82.0)	(14.0, 154.0)	(15.0, 160.0)	(16.0, 149.0)	(17.0, 156.0)	(18.0, 147.0)	(19.0, 201.0)	(20.0, 326.0)	(21.0, 526.0)	(22.0, 1008.0)	(23.0, 2116.0)	(24.0, 3753.0)	(25.0, 5986.0)	(26.0, 8816.0)	(27.0, 12283.0)	(28.0, 16436.0)	(29.0, 22527.0)	(30.0, 29743.0)	(31.0, 40148.0)	(32.0, 55014.0)	(33.0, 76384.0)	(34.0, 111615.0)	(35.0, 209042.0)	(36.0, 166497.0)	(37.0, 367.0)
its-C04_S178_L001_R1_001	(18.0, 2.0)	(19.0, 2.0)	(20.0, 52.0)	(21.0, 204.0)	(22.0, 719.0)	(23.0, 2002.0)	(24.0, 4558.0)	(25.0, 8746.0)	(26.0, 14085.0)	(27.0, 20454.0)	(28.0, 27634.0)	(29.0, 36456.0)	(30.0, 46945.0)	(31.0, 60257.0)	(32.0, 78236.0)	(33.0, 99828.0)	(34.0, 128423.0)	(35.0, 193356.0)	(36.0, 176055.0)	(37.0, 204.0)																
its-C04_S178_L001_R2_001	(12.0, 14.0)	(13.0, 101.0)	(14.0, 227.0)	(15.0, 218.0)	(16.0, 204.0)	(17.0, 181.0)	(18.0, 182.0)	(19.0, 232.0)	(20.0, 273.0)	(21.0, 443.0)	(22.0, 894.0)	(23.0, 1809.0)	(24.0, 3646.0)	(25.0, 6378.0)	(26.0, 9800.0)	(27.0, 14252.0)	(28.0, 18914.0)	(29.0, 25771.0)	(30.0, 34466.0)	(31.0, 47258.0)	(32.0, 62767.0)	(33.0, 82678.0)	(34.0, 117958.0)	(35.0, 252572.0)	(36.0, 216811.0)	(37.0, 169.0)										
its-C05_S186_L001_R1_001	(16.0, 1.0)	(17.0, 1.0)	(18.0, 1.0)	(19.0, 6.0)	(20.0, 17.0)	(21.0, 76.0)	(22.0, 317.0)	(23.0, 1029.0)	(24.0, 2765.0)	(25.0, 5275.0)	(26.0, 8902.0)	(27.0, 13168.0)	(28.0, 19096.0)	(29.0, 26349.0)	(30.0, 36057.0)	(31.0, 48903.0)	(32.0, 68169.0)	(33.0, 109805.0)	(34.0, 179027.0)	(35.0, 107844.0)	(36.0, 109054.0)	(37.0, 229.0)														
its-C05_S186_L001_R2_001	(12.0, 17.0)	(13.0, 122.0)	(14.0, 175.0)	(15.0, 165.0)	(16.0, 146.0)	(17.0, 145.0)	(18.0, 152.0)	(19.0, 173.0)	(20.0, 243.0)	(21.0, 436.0)	(22.0, 847.0)	(23.0, 1992.0)	(24.0, 3965.0)	(25.0, 6822.0)	(26.0, 9992.0)	(27.0, 13809.0)	(28.0, 18282.0)	(29.0, 23774.0)	(30.0, 30620.0)	(31.0, 40415.0)	(32.0, 53957.0)	(33.0, 71378.0)	(34.0, 105647.0)	(35.0, 216669.0)	(36.0, 135985.0)	(37.0, 163.0)										
its-C06_S194_L001_R1_001	(19.0, 7.0)	(20.0, 27.0)	(21.0, 139.0)	(22.0, 529.0)	(23.0, 1494.0)	(24.0, 3516.0)	(25.0, 6450.0)	(26.0, 10151.0)	(27.0, 14887.0)	(28.0, 20587.0)	(29.0, 26721.0)	(30.0, 33641.0)	(31.0, 43356.0)	(32.0, 56659.0)	(33.0, 75922.0)	(34.0, 108506.0)	(35.0, 208210.0)	(36.0, 232014.0)	(37.0, 328.0)																	
its-C06_S194_L001_R2_001	(12.0, 11.0)	(13.0, 86.0)	(14.0, 165.0)	(15.0, 192.0)	(16.0, 205.0)	(17.0, 169.0)	(18.0, 166.0)	(19.0, 203.0)	(20.0, 288.0)	(21.0, 469.0)	(22.0, 777.0)	(23.0, 1625.0)	(24.0, 2987.0)	(25.0, 5000.0)	(26.0, 7865.0)	(27.0, 11876.0)	(28.0, 17147.0)	(29.0, 24230.0)	(30.0, 33403.0)	(31.0, 45966.0)	(32.0, 59778.0)	(33.0, 77403.0)	(34.0, 113892.0)	(35.0, 243480.0)	(36.0, 195611.0)	(37.0, 150.0)										
its-C07_S202_L001_R1_001	(19.0, 5.0)	(20.0, 18.0)	(21.0, 64.0)	(22.0, 237.0)	(23.0, 767.0)	(24.0, 2017.0)	(25.0, 4193.0)	(26.0, 6973.0)	(27.0, 11160.0)	(28.0, 15901.0)	(29.0, 21539.0)	(30.0, 28174.0)	(31.0, 36544.0)	(32.0, 47781.0)	(33.0, 65700.0)	(34.0, 95852.0)	(35.0, 187876.0)	(36.0, 205738.0)	(37.0, 414.0)																	
its-C07_S202_L001_R2_001	(12.0, 13.0)	(13.0, 95.0)	(14.0, 169.0)	(15.0, 170.0)	(16.0, 147.0)	(17.0, 131.0)	(18.0, 128.0)	(19.0, 135.0)	(20.0, 207.0)	(21.0, 302.0)	(22.0, 536.0)	(23.0, 1165.0)	(24.0, 2261.0)	(25.0, 4163.0)	(26.0, 6995.0)	(27.0, 10658.0)	(28.0, 15561.0)	(29.0, 21252.0)	(30.0, 29564.0)	(31.0, 40701.0)	(32.0, 53823.0)	(33.0, 69089.0)	(34.0, 101850.0)	(35.0, 220671.0)	(36.0, 150982.0)	(37.0, 185.0)										
its-C08_S210_L001_R1_001	(18.0, 1.0)	(19.0, 4.0)	(20.0, 21.0)	(21.0, 119.0)	(22.0, 428.0)	(23.0, 1368.0)	(24.0, 3525.0)	(25.0, 6793.0)	(26.0, 10763.0)	(27.0, 14813.0)	(28.0, 18859.0)	(29.0, 22901.0)	(30.0, 27722.0)	(31.0, 34555.0)	(32.0, 43724.0)	(33.0, 57849.0)	(34.0, 84783.0)	(35.0, 160053.0)	(36.0, 95690.0)	(37.0, 337.0)																
its-C08_S210_L001_R2_001	(12.0, 20.0)	(13.0, 95.0)	(14.0, 138.0)	(15.0, 120.0)	(16.0, 91.0)	(17.0, 115.0)	(18.0, 121.0)	(19.0, 138.0)	(20.0, 164.0)	(21.0, 252.0)	(22.0, 458.0)	(23.0, 974.0)	(24.0, 1971.0)	(25.0, 3785.0)	(26.0, 5983.0)	(27.0, 8789.0)	(28.0, 12136.0)	(29.0, 16771.0)	(30.0, 22451.0)	(31.0, 31497.0)	(32.0, 42128.0)	(33.0, 55493.0)	(34.0, 83999.0)	(35.0, 183895.0)	(36.0, 112505.0)	(37.0, 219.0)										
its-C09_S218_L001_R1_001	(16.0, 1.0)	(17.0, 0.0)	(18.0, 3.0)	(19.0, 5.0)	(20.0, 53.0)	(21.0, 214.0)	(22.0, 622.0)	(23.0, 1709.0)	(24.0, 3672.0)	(25.0, 6870.0)	(26.0, 11069.0)	(27.0, 16242.0)	(28.0, 22819.0)	(29.0, 30626.0)	(30.0, 38287.0)	(31.0, 50656.0)	(32.0, 69454.0)	(33.0, 89764.0)	(34.0, 122468.0)	(35.0, 216612.0)	(36.0, 241666.0)	(37.0, 318.0)														
its-C09_S218_L001_R2_001	(12.0, 6.0)	(13.0, 58.0)	(14.0, 187.0)	(15.0, 243.0)	(16.0, 209.0)	(17.0, 191.0)	(18.0, 196.0)	(19.0, 244.0)	(20.0, 301.0)	(21.0, 566.0)	(22.0, 1125.0)	(23.0, 2396.0)	(24.0, 4513.0)	(25.0, 7650.0)	(26.0, 11241.0)	(27.0, 15889.0)	(28.0, 20783.0)	(29.0, 27644.0)	(30.0, 36656.0)	(31.0, 49369.0)	(32.0, 62537.0)	(33.0, 80570.0)	(34.0, 116928.0)	(35.0, 228205.0)	(36.0, 255241.0)	(37.0, 182.0)										
its-C10_S226_L001_R1_001	(17.0, 1.0)	(18.0, 1.0)	(19.0, 4.0)	(20.0, 38.0)	(21.0, 191.0)	(22.0, 603.0)	(23.0, 1611.0)	(24.0, 3474.0)	(25.0, 6517.0)	(26.0, 10257.0)	(27.0, 15180.0)	(28.0, 21595.0)	(29.0, 28966.0)	(30.0, 38129.0)	(31.0, 51732.0)	(32.0, 70266.0)	(33.0, 87464.0)	(34.0, 116443.0)	(35.0, 198297.0)	(36.0, 161326.0)	(37.0, 297.0)															
its-C10_S226_L001_R2_001	(12.0, 2.0)	(13.0, 37.0)	(14.0, 154.0)	(15.0, 193.0)	(16.0, 202.0)	(17.0, 189.0)	(18.0, 157.0)	(19.0, 194.0)	(20.0, 265.0)	(21.0, 402.0)	(22.0, 748.0)	(23.0, 1386.0)	(24.0, 2870.0)	(25.0, 4995.0)	(26.0, 7916.0)	(27.0, 11447.0)	(28.0, 15894.0)	(29.0, 21895.0)	(30.0, 29979.0)	(31.0, 41844.0)	(32.0, 54009.0)	(33.0, 71414.0)	(34.0, 106384.0)	(35.0, 207298.0)	(36.0, 232304.0)	(37.0, 214.0)										
its-C11_S234_L001_R1_001	(17.0, 1.0)	(18.0, 0.0)	(19.0, 4.0)	(20.0, 33.0)	(21.0, 135.0)	(22.0, 495.0)	(23.0, 1458.0)	(24.0, 3438.0)	(25.0, 6913.0)	(26.0, 11382.0)	(27.0, 16619.0)	(28.0, 23554.0)	(29.0, 31288.0)	(30.0, 40907.0)	(31.0, 53212.0)	(32.0, 70758.0)	(33.0, 93673.0)	(34.0, 133250.0)	(35.0, 245145.0)	(36.0, 179725.0)	(37.0, 523.0)															
its-C11_S234_L001_R2_001	(12.0, 13.0)	(13.0, 128.0)	(14.0, 220.0)	(15.0, 228.0)	(16.0, 192.0)	(17.0, 159.0)	(18.0, 176.0)	(19.0, 220.0)	(20.0, 321.0)	(21.0, 557.0)	(22.0, 911.0)	(23.0, 1853.0)	(24.0, 3402.0)	(25.0, 5516.0)	(26.0, 8489.0)	(27.0, 12773.0)	(28.0, 17983.0)	(29.0, 25048.0)	(30.0, 34969.0)	(31.0, 48402.0)	(32.0, 64964.0)	(33.0, 86815.0)	(34.0, 128929.0)	(35.0, 276421.0)	(36.0, 193457.0)	(37.0, 367.0)										
its-C12_S242_L001_R1_001	(2.0, 1.0)	(3.0, 0.0)	(4.0, 0.0)	(5.0, 0.0)	(6.0, 0.0)	(7.0, 0.0)	(8.0, 0.0)	(9.0, 0.0)	(10.0, 0.0)	(11.0, 0.0)	(12.0, 0.0)	(13.0, 0.0)	(14.0, 0.0)	(15.0, 0.0)	(16.0, 0.0)	(17.0, 3.0)	(18.0, 8.0)	(19.0, 59.0)	(20.0, 346.0)	(21.0, 1249.0)	(22.0, 3219.0)	(23.0, 6825.0)	(24.0, 12066.0)	(25.0, 18353.0)	(26.0, 25058.0)	(27.0, 32076.0)	(28.0, 39336.0)	(29.0, 44653.0)	(30.0, 53692.0)	(31.0, 70456.0)	(32.0, 83204.0)	(33.0, 80230.0)	(34.0, 71864.0)	(35.0, 95666.0)	(36.0, 44721.0)	(37.0, 265.0)
its-C12_S242_L001_R2_001	(2.0, 1.0)	(3.0, 0.0)	(4.0, 0.0)	(5.0, 0.0)	(6.0, 0.0)	(7.0, 0.0)	(8.0, 0.0)	(9.0, 0.0)	(10.0, 0.0)	(11.0, 0.0)	(12.0, 1.0)	(13.0, 36.0)	(14.0, 154.0)	(15.0, 166.0)	(16.0, 173.0)	(17.0, 131.0)	(18.0, 155.0)	(19.0, 138.0)	(20.0, 208.0)	(21.0, 322.0)	(22.0, 515.0)	(23.0, 970.0)	(24.0, 1929.0)	(25.0, 3185.0)	(26.0, 5199.0)	(27.0, 7787.0)	(28.0, 11376.0)	(29.0, 15924.0)	(30.0, 23848.0)	(31.0, 34807.0)	(32.0, 41807.0)	(33.0, 53422.0)	(34.0, 80358.0)	(35.0, 181186.0)	(36.0, 219165.0)	(37.0, 387.0)
its-D01_S155_L001_R1_001	(2.0, 1.0)	(3.0, 0.0)	(4.0, 0.0)	(5.0, 0.0)	(6.0, 0.0)	(7.0, 0.0)	(8.0, 0.0)	(9.0, 0.0)	(10.0, 0.0)	(11.0, 0.0)	(12.0, 0.0)	(13.0, 0.0)	(14.0, 0.0)	(15.0, 0.0)	(16.0, 1.0)	(17.0, 1.0)	(18.0, 5.0)	(19.0, 16.0)	(20.0, 80.0)	(21.0, 442.0)	(22.0, 1414.0)	(23.0, 3564.0)	(24.0, 7125.0)	(25.0, 12395.0)	(26.0, 17799.0)	(27.0, 23042.0)	(28.0, 29076.0)	(29.0, 35506.0)	(30.0, 42388.0)	(31.0, 51548.0)	(32.0, 64616.0)	(33.0, 83997.0)	(34.0, 110684.0)	(35.0, 139440.0)	(36.0, 50397.0)	(37.0, 139.0)
its-D01_S155_L001_R2_001	(2.0, 1.0)	(3.0, 0.0)	(4.0, 0.0)	(5.0, 0.0)	(6.0, 0.0)	(7.0, 0.0)	(8.0, 0.0)	(9.0, 0.0)	(10.0, 0.0)	(11.0, 0.0)	(12.0, 12.0)	(13.0, 117.0)	(14.0, 172.0)	(15.0, 169.0)	(16.0, 140.0)	(17.0, 135.0)	(18.0, 133.0)	(19.0, 167.0)	(20.0, 269.0)	(21.0, 397.0)	(22.0, 737.0)	(23.0, 1450.0)	(24.0, 2524.0)	(25.0, 4067.0)	(26.0, 6246.0)	(27.0, 8762.0)	(28.0, 12002.0)	(29.0, 16319.0)	(30.0, 22491.0)	(31.0, 32130.0)	(32.0, 44641.0)	(33.0, 60862.0)	(34.0, 91300.0)	(35.0, 204623.0)	(36.0, 163558.0)	(37.0, 252.0)
its-D02_S163_L001_R1_001	(2.0, 3.0)	(3.0, 0.0)	(4.0, 0.0)	(5.0, 0.0)	(6.0, 0.0)	(7.0, 0.0)	(8.0, 0.0)	(9.0, 0.0)	(10.0, 0.0)	(11.0, 0.0)	(12.0, 0.0)	(13.0, 0.0)	(14.0, 0.0)	(15.0, 0.0)	(16.0, 0.0)	(17.0, 0.0)	(18.0, 2.0)	(19.0, 2.0)	(20.0, 17.0)	(21.0, 63.0)	(22.0, 283.0)	(23.0, 798.0)	(24.0, 1963.0)	(25.0, 4010.0)	(26.0, 6690.0)	(27.0, 10625.0)	(28.0, 15356.0)	(29.0, 20670.0)	(30.0, 27738.0)	(31.0, 36511.0)	(32.0, 48482.0)	(33.0, 66935.0)	(34.0, 97227.0)	(35.0, 160875.0)	(36.0, 183819.0)	(37.0, 1345.0)
its-D02_S163_L001_R2_001	(2.0, 3.0)	(3.0, 0.0)	(4.0, 0.0)	(5.0, 0.0)	(6.0, 0.0)	(7.0, 0.0)	(8.0, 0.0)	(9.0, 0.0)	(10.0, 0.0)	(11.0, 0.0)	(12.0, 4.0)	(13.0, 69.0)	(14.0, 144.0)	(15.0, 144.0)	(16.0, 138.0)	(17.0, 135.0)	(18.0, 134.0)	(19.0, 214.0)	(20.0, 353.0)	(21.0, 632.0)	(22.0, 997.0)	(23.0, 1931.0)	(24.0, 3424.0)	(25.0, 5658.0)	(26.0, 8392.0)	(27.0, 12059.0)	(28.0, 16487.0)	(29.0, 21573.0)	(30.0, 27807.0)	(31.0, 37040.0)	(32.0, 48759.0)	(33.0, 63777.0)	(34.0, 92586.0)	(35.0, 187856.0)	(36.0, 152448.0)	(37.0, 650.0)
its-D03_S171_L001_R1_001	(18.0, 4.0)	(19.0, 11.0)	(20.0, 37.0)	(21.0, 162.0)	(22.0, 699.0)	(23.0, 1890.0)	(24.0, 4285.0)	(25.0, 8052.0)	(26.0, 12685.0)	(27.0, 17937.0)	(28.0, 24090.0)	(29.0, 30378.0)	(30.0, 38353.0)	(31.0, 49337.0)	(32.0, 64147.0)	(33.0, 86384.0)	(34.0, 123595.0)	(35.0, 210244.0)	(36.0, 201582.0)	(37.0, 1169.0)																
its-D03_S171_L001_R2_001	(12.0, 11.0)	(13.0, 103.0)	(14.0, 177.0)	(15.0, 188.0)	(16.0, 176.0)	(17.0, 174.0)	(18.0, 193.0)	(19.0, 289.0)	(20.0, 557.0)	(21.0, 1088.0)	(22.0, 1923.0)	(23.0, 3618.0)	(24.0, 6555.0)	(25.0, 10317.0)	(26.0, 14117.0)	(27.0, 18415.0)	(28.0, 23292.0)	(29.0, 29492.0)	(30.0, 38035.0)	(31.0, 49468.0)	(32.0, 64110.0)	(33.0, 83520.0)	(34.0, 119921.0)	(35.0, 233100.0)	(36.0, 175721.0)	(37.0, 481.0)										
its-D04_S179_L001_R1_001	(16.0, 1.0)	(17.0, 0.0)	(18.0, 4.0)	(19.0, 11.0)	(20.0, 40.0)	(21.0, 177.0)	(22.0, 834.0)	(23.0, 2267.0)	(24.0, 5002.0)	(25.0, 9609.0)	(26.0, 15008.0)	(27.0, 22034.0)	(28.0, 29976.0)	(29.0, 39960.0)	(30.0, 51581.0)	(31.0, 67343.0)	(32.0, 87039.0)	(33.0, 111608.0)	(34.0, 141967.0)	(35.0, 215651.0)	(36.0, 219206.0)	(37.0, 349.0)														
its-D04_S179_L001_R2_001	(12.0, 17.0)	(13.0, 163.0)	(14.0, 300.0)	(15.0, 301.0)	(16.0, 219.0)	(17.0, 205.0)	(18.0, 209.0)	(19.0, 272.0)	(20.0, 395.0)	(21.0, 642.0)	(22.0, 1349.0)	(23.0, 2746.0)	(24.0, 5294.0)	(25.0, 8778.0)	(26.0, 12892.0)	(27.0, 17946.0)	(28.0, 22967.0)	(29.0, 30136.0)	(30.0, 39794.0)	(31.0, 53104.0)	(32.0, 70962.0)	(33.0, 92614.0)	(34.0, 133069.0)	(35.0, 286755.0)	(36.0, 238339.0)	(37.0, 199.0)										
its-D05_S187_L001_R1_001	(16.0, 1.0)	(17.0, 0.0)	(18.0, 2.0)	(19.0, 2.0)	(20.0, 15.0)	(21.0, 63.0)	(22.0, 253.0)	(23.0, 761.0)	(24.0, 1920.0)	(25.0, 3858.0)	(26.0, 6314.0)	(27.0, 10156.0)	(28.0, 14590.0)	(29.0, 21397.0)	(30.0, 29952.0)	(31.0, 42483.0)	(32.0, 60446.0)	(33.0, 96717.0)	(34.0, 154892.0)	(35.0, 99900.0)	(36.0, 102838.0)	(37.0, 212.0)														
its-D05_S187_L001_R2_001	(12.0, 12.0)	(13.0, 78.0)	(14.0, 160.0)	(15.0, 137.0)	(16.0, 140.0)	(17.0, 126.0)	(18.0, 114.0)	(19.0, 184.0)	(20.0, 220.0)	(21.0, 339.0)	(22.0, 702.0)	(23.0, 1486.0)	(24.0, 2796.0)	(25.0, 5067.0)	(26.0, 7713.0)	(27.0, 11024.0)	(28.0, 14804.0)	(29.0, 20080.0)	(30.0, 26753.0)	(31.0, 35776.0)	(32.0, 47760.0)	(33.0, 63613.0)	(34.0, 96364.0)	(35.0, 192453.0)	(36.0, 118762.0)	(37.0, 109.0)										
its-D06_S195_L001_R1_001	(2.0, 1.0)	(3.0, 0.0)	(4.0, 0.0)	(5.0, 0.0)	(6.0, 0.0)	(7.0, 0.0)	(8.0, 0.0)	(9.0, 0.0)	(10.0, 0.0)	(11.0, 0.0)	(12.0, 0.0)	(13.0, 0.0)	(14.0, 0.0)	(15.0, 0.0)	(16.0, 0.0)	(17.0, 0.0)	(18.0, 1.0)	(19.0, 1.0)	(20.0, 16.0)	(21.0, 80.0)	(22.0, 304.0)	(23.0, 836.0)	(24.0, 2265.0)	(25.0, 4230.0)	(26.0, 6947.0)	(27.0, 10510.0)	(28.0, 15051.0)	(29.0, 20366.0)	(30.0, 25842.0)	(31.0, 34348.0)	(32.0, 44430.0)	(33.0, 62218.0)	(34.0, 91685.0)	(35.0, 180643.0)	(36.0, 261138.0)	(37.0, 481.0)
its-D06_S195_L001_R2_001	(2.0, 1.0)	(3.0, 0.0)	(4.0, 0.0)	(5.0, 0.0)	(6.0, 0.0)	(7.0, 0.0)	(8.0, 0.0)	(9.0, 0.0)	(10.0, 0.0)	(11.0, 0.0)	(12.0, 5.0)	(13.0, 66.0)	(14.0, 159.0)	(15.0, 172.0)	(16.0, 153.0)	(17.0, 146.0)	(18.0, 154.0)	(19.0, 190.0)	(20.0, 231.0)	(21.0, 392.0)	(22.0, 727.0)	(23.0, 1369.0)	(24.0, 2861.0)	(25.0, 4793.0)	(26.0, 7382.0)	(27.0, 11246.0)	(28.0, 16143.0)	(29.0, 22101.0)	(30.0, 29663.0)	(31.0, 40387.0)	(32.0, 51883.0)	(33.0, 68265.0)	(34.0, 102338.0)	(35.0, 220507.0)	(36.0, 179886.0)	(37.0, 173.0)
its-D07_S203_L001_R1_001	(19.0, 2.0)	(20.0, 10.0)	(21.0, 55.0)	(22.0, 239.0)	(23.0, 743.0)	(24.0, 1926.0)	(25.0, 3975.0)	(26.0, 6993.0)	(27.0, 10799.0)	(28.0, 15657.0)	(29.0, 20571.0)	(30.0, 26929.0)	(31.0, 35523.0)	(32.0, 45757.0)	(33.0, 62296.0)	(34.0, 92267.0)	(35.0, 185005.0)	(36.0, 264550.0)	(37.0, 819.0)																	
its-D07_S203_L001_R2_001	(12.0, 15.0)	(13.0, 83.0)	(14.0, 164.0)	(15.0, 195.0)	(16.0, 162.0)	(17.0, 150.0)	(18.0, 154.0)	(19.0, 210.0)	(20.0, 268.0)	(21.0, 413.0)	(22.0, 742.0)	(23.0, 1548.0)	(24.0, 3272.0)	(25.0, 5596.0)	(26.0, 8872.0)	(27.0, 12969.0)	(28.0, 17546.0)	(29.0, 23259.0)	(30.0, 30288.0)	(31.0, 39974.0)	(32.0, 52969.0)	(33.0, 69100.0)	(34.0, 103636.0)	(35.0, 234438.0)	(36.0, 167777.0)	(37.0, 316.0)										
its-D08_S211_L001_R1_001	(2.0, 3.0)	(3.0, 0.0)	(4.0, 0.0)	(5.0, 0.0)	(6.0, 0.0)	(7.0, 0.0)	(8.0, 0.0)	(9.0, 0.0)	(10.0, 0.0)	(11.0, 0.0)	(12.0, 0.0)	(13.0, 0.0)	(14.0, 0.0)	(15.0, 0.0)	(16.0, 0.0)	(17.0, 0.0)	(18.0, 4.0)	(19.0, 10.0)	(20.0, 77.0)	(21.0, 354.0)	(22.0, 1234.0)	(23.0, 3223.0)	(24.0, 7512.0)	(25.0, 13211.0)	(26.0, 19325.0)	(27.0, 24055.0)	(28.0, 28970.0)	(29.0, 34500.0)	(30.0, 42217.0)	(31.0, 51185.0)	(32.0, 62651.0)	(33.0, 84186.0)	(34.0, 127034.0)	(35.0, 139211.0)	(36.0, 25984.0)	(37.0, 117.0)
its-D08_S211_L001_R2_001	(2.0, 3.0)	(3.0, 0.0)	(4.0, 0.0)	(5.0, 0.0)	(6.0, 0.0)	(7.0, 0.0)	(8.0, 0.0)	(9.0, 0.0)	(10.0, 0.0)	(11.0, 1.0)	(12.0, 22.0)	(13.0, 114.0)	(14.0, 164.0)	(15.0, 155.0)	(16.0, 138.0)	(17.0, 111.0)	(18.0, 134.0)	(19.0, 137.0)	(20.0, 188.0)	(21.0, 276.0)	(22.0, 396.0)	(23.0, 841.0)	(24.0, 1750.0)	(25.0, 3256.0)	(26.0, 5304.0)	(27.0, 8158.0)	(28.0, 11198.0)	(29.0, 15532.0)	(30.0, 21703.0)	(31.0, 31156.0)	(32.0, 43491.0)	(33.0, 60089.0)	(34.0, 94786.0)	(35.0, 217686.0)	(36.0, 147913.0)	(37.0, 361.0)
its-D09_S219_L001_R1_001	(17.0, 1.0)	(18.0, 1.0)	(19.0, 7.0)	(20.0, 25.0)	(21.0, 109.0)	(22.0, 333.0)	(23.0, 923.0)	(24.0, 2041.0)	(25.0, 4106.0)	(26.0, 7021.0)	(27.0, 10475.0)	(28.0, 14927.0)	(29.0, 20651.0)	(30.0, 26693.0)	(31.0, 36204.0)	(32.0, 49641.0)	(33.0, 64530.0)	(34.0, 89562.0)	(35.0, 167082.0)	(36.0, 176039.0)	(37.0, 301.0)															
its-D09_S219_L001_R2_001	(11.0, 1.0)	(12.0, 4.0)	(13.0, 27.0)	(14.0, 134.0)	(15.0, 171.0)	(16.0, 125.0)	(17.0, 136.0)	(18.0, 141.0)	(19.0, 195.0)	(20.0, 230.0)	(21.0, 359.0)	(22.0, 702.0)	(23.0, 1524.0)	(24.0, 2922.0)	(25.0, 5182.0)	(26.0, 7992.0)	(27.0, 11582.0)	(28.0, 15215.0)	(29.0, 20573.0)	(30.0, 27282.0)	(31.0, 36675.0)	(32.0, 46972.0)	(33.0, 60470.0)	(34.0, 89620.0)	(35.0, 172693.0)	(36.0, 169605.0)	(37.0, 140.0)									
its-D10_S227_L001_R1_001	(2.0, 1.0)	(3.0, 0.0)	(4.0, 0.0)	(5.0, 0.0)	(6.0, 0.0)	(7.0, 0.0)	(8.0, 0.0)	(9.0, 0.0)	(10.0, 0.0)	(11.0, 0.0)	(12.0, 0.0)	(13.0, 0.0)	(14.0, 0.0)	(15.0, 0.0)	(16.0, 2.0)	(17.0, 0.0)	(18.0, 1.0)	(19.0, 2.0)	(20.0, 23.0)	(21.0, 130.0)	(22.0, 402.0)	(23.0, 1002.0)	(24.0, 2241.0)	(25.0, 4036.0)	(26.0, 6275.0)	(27.0, 8995.0)	(28.0, 12331.0)	(29.0, 17020.0)	(30.0, 22523.0)	(31.0, 30787.0)	(32.0, 42393.0)	(33.0, 53827.0)	(34.0, 71096.0)	(35.0, 128493.0)	(36.0, 133929.0)	(37.0, 268.0)
its-D10_S227_L001_R2_001	(2.0, 1.0)	(3.0, 0.0)	(4.0, 0.0)	(5.0, 0.0)	(6.0, 0.0)	(7.0, 0.0)	(8.0, 0.0)	(9.0, 0.0)	(10.0, 0.0)	(11.0, 0.0)	(12.0, 5.0)	(13.0, 33.0)	(14.0, 120.0)	(15.0, 167.0)	(16.0, 141.0)	(17.0, 135.0)	(18.0, 123.0)	(19.0, 165.0)	(20.0, 200.0)	(21.0, 384.0)	(22.0, 677.0)	(23.0, 1420.0)	(24.0, 2623.0)	(25.0, 4196.0)	(26.0, 6259.0)	(27.0, 8896.0)	(28.0, 12010.0)	(29.0, 15856.0)	(30.0, 21509.0)	(31.0, 28965.0)	(32.0, 37351.0)	(33.0, 49041.0)	(34.0, 72758.0)	(35.0, 138739.0)	(36.0, 133871.0)	(37.0, 132.0)
its-D11_S235_L001_R1_001	(2.0, 2.0)	(3.0, 0.0)	(4.0, 0.0)	(5.0, 0.0)	(6.0, 0.0)	(7.0, 0.0)	(8.0, 0.0)	(9.0, 0.0)	(10.0, 0.0)	(11.0, 0.0)	(12.0, 0.0)	(13.0, 0.0)	(14.0, 0.0)	(15.0, 1.0)	(16.0, 0.0)	(17.0, 1.0)	(18.0, 3.0)	(19.0, 6.0)	(20.0, 20.0)	(21.0, 96.0)	(22.0, 346.0)	(23.0, 1043.0)	(24.0, 2634.0)	(25.0, 5212.0)	(26.0, 8895.0)	(27.0, 13880.0)	(28.0, 20264.0)	(29.0, 27654.0)	(30.0, 37126.0)	(31.0, 48911.0)	(32.0, 65445.0)	(33.0, 91729.0)	(34.0, 132426.0)	(35.0, 237710.0)	(36.0, 230850.0)	(37.0, 921.0)
its-D11_S235_L001_R2_001	(2.0, 2.0)	(3.0, 0.0)	(4.0, 0.0)	(5.0, 0.0)	(6.0, 0.0)	(7.0, 0.0)	(8.0, 0.0)	(9.0, 0.0)	(10.0, 0.0)	(11.0, 0.0)	(12.0, 10.0)	(13.0, 85.0)	(14.0, 195.0)	(15.0, 205.0)	(16.0, 170.0)	(17.0, 154.0)	(18.0, 198.0)	(19.0, 213.0)	(20.0, 302.0)	(21.0, 457.0)	(22.0, 858.0)	(23.0, 1822.0)	(24.0, 3450.0)	(25.0, 5797.0)	(26.0, 9421.0)	(27.0, 14019.0)	(28.0, 19753.0)	(29.0, 27234.0)	(30.0, 36776.0)	(31.0, 50191.0)	(32.0, 67112.0)	(33.0, 88521.0)	(34.0, 129344.0)	(35.0, 269269.0)	(36.0, 199291.0)	(37.0, 326.0)
its-D12_S243_L001_R1_001	(18.0, 1.0)	(19.0, 7.0)	(20.0, 48.0)	(21.0, 207.0)	(22.0, 761.0)	(23.0, 1958.0)	(24.0, 4235.0)	(25.0, 7565.0)	(26.0, 12042.0)	(27.0, 17418.0)	(28.0, 24384.0)	(29.0, 33415.0)	(30.0, 40732.0)	(31.0, 52539.0)	(32.0, 73533.0)	(33.0, 98688.0)	(34.0, 109795.0)	(35.0, 130584.0)	(36.0, 213955.0)	(37.0, 1045.0)																
its-D12_S243_L001_R2_001	(12.0, 3.0)	(13.0, 68.0)	(14.0, 178.0)	(15.0, 199.0)	(16.0, 184.0)	(17.0, 159.0)	(18.0, 144.0)	(19.0, 155.0)	(20.0, 292.0)	(21.0, 472.0)	(22.0, 1060.0)	(23.0, 2190.0)	(24.0, 4141.0)	(25.0, 6936.0)	(26.0, 10364.0)	(27.0, 14553.0)	(28.0, 19437.0)	(29.0, 25108.0)	(30.0, 33481.0)	(31.0, 45110.0)	(32.0, 54818.0)	(33.0, 69528.0)	(34.0, 94956.0)	(35.0, 199168.0)	(36.0, 239852.0)	(37.0, 356.0)										
its-E01_S156_L001_R1_001	(17.0, 1.0)	(18.0, 1.0)	(19.0, 3.0)	(20.0, 31.0)	(21.0, 141.0)	(22.0, 600.0)	(23.0, 1764.0)	(24.0, 4017.0)	(25.0, 7664.0)	(26.0, 11830.0)	(27.0, 16940.0)	(28.0, 22908.0)	(29.0, 29472.0)	(30.0, 37493.0)	(31.0, 47958.0)	(32.0, 61324.0)	(33.0, 80995.0)	(34.0, 117286.0)	(35.0, 182974.0)	(36.0, 159758.0)	(37.0, 594.0)															
its-E01_S156_L001_R2_001	(12.0, 12.0)	(13.0, 85.0)	(14.0, 195.0)	(15.0, 214.0)	(16.0, 180.0)	(17.0, 163.0)	(18.0, 180.0)	(19.0, 252.0)	(20.0, 398.0)	(21.0, 699.0)	(22.0, 1201.0)	(23.0, 2396.0)	(24.0, 4189.0)	(25.0, 6521.0)	(26.0, 9597.0)	(27.0, 13221.0)	(28.0, 17129.0)	(29.0, 22306.0)	(30.0, 28903.0)	(31.0, 39019.0)	(32.0, 51904.0)	(33.0, 69209.0)	(34.0, 97388.0)	(35.0, 209380.0)	(36.0, 208694.0)	(37.0, 319.0)										
its-E02_S164_L001_R1_001	(18.0, 1.0)	(19.0, 5.0)	(20.0, 16.0)	(21.0, 87.0)	(22.0, 330.0)	(23.0, 911.0)	(24.0, 2058.0)	(25.0, 3805.0)	(26.0, 6013.0)	(27.0, 9080.0)	(28.0, 12796.0)	(29.0, 17288.0)	(30.0, 22610.0)	(31.0, 29647.0)	(32.0, 38719.0)	(33.0, 52261.0)	(34.0, 73645.0)	(35.0, 119429.0)	(36.0, 92799.0)	(37.0, 924.0)																
its-E02_S164_L001_R2_001	(11.0, 1.0)	(12.0, 10.0)	(13.0, 39.0)	(14.0, 99.0)	(15.0, 126.0)	(16.0, 97.0)	(17.0, 125.0)	(18.0, 185.0)	(19.0, 378.0)	(20.0, 792.0)	(21.0, 1358.0)	(22.0, 2145.0)	(23.0, 3070.0)	(24.0, 4739.0)	(25.0, 6503.0)	(26.0, 8469.0)	(27.0, 10891.0)	(28.0, 13725.0)	(29.0, 17264.0)	(30.0, 21410.0)	(31.0, 27445.0)	(32.0, 35104.0)	(33.0, 44780.0)	(34.0, 65247.0)	(35.0, 125973.0)	(36.0, 91985.0)	(37.0, 464.0)									
its-E03_S172_L001_R1_001	(18.0, 1.0)	(19.0, 2.0)	(20.0, 26.0)	(21.0, 152.0)	(22.0, 563.0)	(23.0, 1715.0)	(24.0, 3916.0)	(25.0, 7677.0)	(26.0, 12699.0)	(27.0, 18589.0)	(28.0, 25390.0)	(29.0, 32365.0)	(30.0, 40910.0)	(31.0, 52318.0)	(32.0, 66528.0)	(33.0, 84342.0)	(34.0, 109499.0)	(35.0, 184060.0)	(36.0, 146961.0)	(37.0, 73.0)																
its-E03_S172_L001_R2_001	(12.0, 16.0)	(13.0, 109.0)	(14.0, 222.0)	(15.0, 226.0)	(16.0, 164.0)	(17.0, 142.0)	(18.0, 199.0)	(19.0, 233.0)	(20.0, 287.0)	(21.0, 598.0)	(22.0, 1199.0)	(23.0, 2759.0)	(24.0, 5226.0)	(25.0, 8721.0)	(26.0, 12126.0)	(27.0, 16248.0)	(28.0, 20878.0)	(29.0, 26955.0)	(30.0, 34464.0)	(31.0, 46092.0)	(32.0, 59466.0)	(33.0, 75383.0)	(34.0, 112329.0)	(35.0, 228852.0)	(36.0, 134808.0)	(37.0, 84.0)										
its-E04_S180_L001_R1_001	(17.0, 1.0)	(18.0, 1.0)	(19.0, 6.0)	(20.0, 29.0)	(21.0, 141.0)	(22.0, 552.0)	(23.0, 1563.0)	(24.0, 3665.0)	(25.0, 6810.0)	(26.0, 11062.0)	(27.0, 16163.0)	(28.0, 22187.0)	(29.0, 29710.0)	(30.0, 38255.0)	(31.0, 49991.0)	(32.0, 65565.0)	(33.0, 85444.0)	(34.0, 115491.0)	(35.0, 187092.0)	(36.0, 177359.0)	(37.0, 572.0)															
its-E04_S180_L001_R2_001	(2.0, 1.0)	(3.0, 0.0)	(4.0, 0.0)	(5.0, 0.0)	(6.0, 0.0)	(7.0, 0.0)	(8.0, 0.0)	(9.0, 0.0)	(10.0, 0.0)	(11.0, 0.0)	(12.0, 8.0)	(13.0, 74.0)	(14.0, 185.0)	(15.0, 190.0)	(16.0, 168.0)	(17.0, 137.0)	(18.0, 157.0)	(19.0, 190.0)	(20.0, 288.0)	(21.0, 445.0)	(22.0, 859.0)	(23.0, 1674.0)	(24.0, 3102.0)	(25.0, 5381.0)	(26.0, 8376.0)	(27.0, 12242.0)	(28.0, 16401.0)	(29.0, 22910.0)	(30.0, 30220.0)	(31.0, 41232.0)	(32.0, 54639.0)	(33.0, 72572.0)	(34.0, 107392.0)	(35.0, 229277.0)	(36.0, 203242.0)	(37.0, 297.0)
its-E05_S188_L001_R1_001	(17.0, 1.0)	(18.0, 0.0)	(19.0, 2.0)	(20.0, 19.0)	(21.0, 127.0)	(22.0, 519.0)	(23.0, 1514.0)	(24.0, 4010.0)	(25.0, 7555.0)	(26.0, 12592.0)	(27.0, 18975.0)	(28.0, 26901.0)	(29.0, 36860.0)	(30.0, 49018.0)	(31.0, 65293.0)	(32.0, 90945.0)	(33.0, 148175.0)	(34.0, 210563.0)	(35.0, 127287.0)	(36.0, 113864.0)	(37.0, 306.0)															
its-E05_S188_L001_R2_001	(12.0, 12.0)	(13.0, 99.0)	(14.0, 176.0)	(15.0, 215.0)	(16.0, 166.0)	(17.0, 154.0)	(18.0, 156.0)	(19.0, 200.0)	(20.0, 279.0)	(21.0, 433.0)	(22.0, 842.0)	(23.0, 1852.0)	(24.0, 3725.0)	(25.0, 6496.0)	(26.0, 9825.0)	(27.0, 14574.0)	(28.0, 20352.0)	(29.0, 27142.0)	(30.0, 36445.0)	(31.0, 49412.0)	(32.0, 65918.0)	(33.0, 88969.0)	(34.0, 131406.0)	(35.0, 271185.0)	(36.0, 184290.0)	(37.0, 203.0)										
its-E06_S196_L001_R1_001	(18.0, 3.0)	(19.0, 2.0)	(20.0, 15.0)	(21.0, 80.0)	(22.0, 325.0)	(23.0, 996.0)	(24.0, 2430.0)	(25.0, 4879.0)	(26.0, 8407.0)	(27.0, 12734.0)	(28.0, 17344.0)	(29.0, 22574.0)	(30.0, 28535.0)	(31.0, 37046.0)	(32.0, 47432.0)	(33.0, 64146.0)	(34.0, 92307.0)	(35.0, 183027.0)	(36.0, 200040.0)	(37.0, 528.0)																
its-E06_S196_L001_R2_001	(12.0, 17.0)	(13.0, 139.0)	(14.0, 164.0)	(15.0, 180.0)	(16.0, 171.0)	(17.0, 142.0)	(18.0, 166.0)	(19.0, 194.0)	(20.0, 290.0)	(21.0, 429.0)	(22.0, 743.0)	(23.0, 1505.0)	(24.0, 2958.0)	(25.0, 5394.0)	(26.0, 8219.0)	(27.0, 12237.0)	(28.0, 16721.0)	(29.0, 22766.0)	(30.0, 30216.0)	(31.0, 40729.0)	(32.0, 52819.0)	(33.0, 67630.0)	(34.0, 98635.0)	(35.0, 210230.0)	(36.0, 149908.0)	(37.0, 248.0)										
its-E07_S204_L001_R1_001	(19.0, 1.0)	(20.0, 7.0)	(21.0, 34.0)	(22.0, 144.0)	(23.0, 637.0)	(24.0, 2120.0)	(25.0, 4700.0)	(26.0, 8407.0)	(27.0, 13238.0)	(28.0, 19212.0)	(29.0, 26465.0)	(30.0, 34375.0)	(31.0, 45095.0)	(32.0, 59874.0)	(33.0, 84147.0)	(34.0, 128090.0)	(35.0, 264713.0)	(36.0, 223345.0)	(37.0, 75.0)																	
its-E07_S204_L001_R2_001	(12.0, 34.0)	(13.0, 205.0)	(14.0, 266.0)	(15.0, 214.0)	(16.0, 171.0)	(17.0, 164.0)	(18.0, 147.0)	(19.0, 184.0)	(20.0, 210.0)	(21.0, 419.0)	(22.0, 791.0)	(23.0, 2014.0)	(24.0, 4446.0)	(25.0, 8236.0)	(26.0, 12789.0)	(27.0, 18481.0)	(28.0, 23880.0)	(29.0, 30758.0)	(30.0, 39234.0)	(31.0, 51671.0)	(32.0, 67746.0)	(33.0, 91068.0)	(34.0, 135612.0)	(35.0, 273404.0)	(36.0, 152371.0)	(37.0, 164.0)										
its-E08_S212_L001_R1_001	(17.0, 1.0)	(18.0, 2.0)	(19.0, 21.0)	(20.0, 73.0)	(21.0, 339.0)	(22.0, 999.0)	(23.0, 2600.0)	(24.0, 5248.0)	(25.0, 9117.0)	(26.0, 13478.0)	(27.0, 18950.0)	(28.0, 25215.0)	(29.0, 32529.0)	(30.0, 39134.0)	(31.0, 50257.0)	(32.0, 66716.0)	(33.0, 84295.0)	(34.0, 112553.0)	(35.0, 188580.0)	(36.0, 159281.0)	(37.0, 194.0)															
its-E08_S212_L001_R2_001	(12.0, 11.0)	(13.0, 60.0)	(14.0, 174.0)	(15.0, 264.0)	(16.0, 226.0)	(17.0, 209.0)	(18.0, 176.0)	(19.0, 240.0)	(20.0, 362.0)	(21.0, 551.0)	(22.0, 1161.0)	(23.0, 2264.0)	(24.0, 4155.0)	(25.0, 6900.0)	(26.0, 10099.0)	(27.0, 13734.0)	(28.0, 17912.0)	(29.0, 23965.0)	(30.0, 32263.0)	(31.0, 43519.0)	(32.0, 54464.0)	(33.0, 69838.0)	(34.0, 100382.0)	(35.0, 197137.0)	(36.0, 229288.0)	(37.0, 228.0)										
its-E09_S220_L001_R1_001	(18.0, 1.0)	(19.0, 3.0)	(20.0, 43.0)	(21.0, 185.0)	(22.0, 595.0)	(23.0, 1435.0)	(24.0, 2941.0)	(25.0, 5355.0)	(26.0, 8236.0)	(27.0, 11744.0)	(28.0, 15601.0)	(29.0, 20395.0)	(30.0, 25561.0)	(31.0, 33563.0)	(32.0, 44958.0)	(33.0, 58538.0)	(34.0, 79939.0)	(35.0, 146464.0)	(36.0, 140470.0)	(37.0, 688.0)																
its-E09_S220_L001_R2_001	(12.0, 3.0)	(13.0, 41.0)	(14.0, 139.0)	(15.0, 173.0)	(16.0, 151.0)	(17.0, 139.0)	(18.0, 134.0)	(19.0, 166.0)	(20.0, 234.0)	(21.0, 466.0)	(22.0, 878.0)	(23.0, 1970.0)	(24.0, 3521.0)	(25.0, 6090.0)	(26.0, 8585.0)	(27.0, 11163.0)	(28.0, 14360.0)	(29.0, 18843.0)	(30.0, 24517.0)	(31.0, 32760.0)	(32.0, 41479.0)	(33.0, 53490.0)	(34.0, 79281.0)	(35.0, 149205.0)	(36.0, 148621.0)	(37.0, 306.0)										
its-E10_S228_L001_R1_001	(2.0, 1.0)	(3.0, 0.0)	(4.0, 0.0)	(5.0, 0.0)	(6.0, 0.0)	(7.0, 0.0)	(8.0, 0.0)	(9.0, 0.0)	(10.0, 0.0)	(11.0, 0.0)	(12.0, 0.0)	(13.0, 0.0)	(14.0, 0.0)	(15.0, 0.0)	(16.0, 0.0)	(17.0, 0.0)	(18.0, 0.0)	(19.0, 4.0)	(20.0, 41.0)	(21.0, 178.0)	(22.0, 482.0)	(23.0, 1198.0)	(24.0, 2699.0)	(25.0, 4878.0)	(26.0, 7975.0)	(27.0, 12286.0)	(28.0, 17539.0)	(29.0, 24956.0)	(30.0, 33986.0)	(31.0, 48532.0)	(32.0, 67766.0)	(33.0, 82541.0)	(34.0, 108493.0)	(35.0, 190626.0)	(36.0, 200471.0)	(37.0, 932.0)
its-E10_S228_L001_R2_001	(2.0, 1.0)	(3.0, 0.0)	(4.0, 0.0)	(5.0, 0.0)	(6.0, 0.0)	(7.0, 0.0)	(8.0, 0.0)	(9.0, 0.0)	(10.0, 0.0)	(11.0, 0.0)	(12.0, 2.0)	(13.0, 33.0)	(14.0, 135.0)	(15.0, 204.0)	(16.0, 174.0)	(17.0, 123.0)	(18.0, 175.0)	(19.0, 193.0)	(20.0, 245.0)	(21.0, 415.0)	(22.0, 708.0)	(23.0, 1428.0)	(24.0, 2750.0)	(25.0, 4827.0)	(26.0, 7659.0)	(27.0, 11016.0)	(28.0, 15519.0)	(29.0, 21392.0)	(30.0, 29740.0)	(31.0, 40881.0)	(32.0, 53228.0)	(33.0, 69980.0)	(34.0, 102174.0)	(35.0, 202387.0)	(36.0, 239800.0)	(37.0, 395.0)
its-E11_S236_L001_R1_001	(16.0, 1.0)	(17.0, 0.0)	(18.0, 2.0)	(19.0, 10.0)	(20.0, 97.0)	(21.0, 357.0)	(22.0, 1142.0)	(23.0, 2961.0)	(24.0, 6077.0)	(25.0, 10559.0)	(26.0, 15790.0)	(27.0, 21556.0)	(28.0, 28783.0)	(29.0, 37410.0)	(30.0, 46380.0)	(31.0, 61977.0)	(32.0, 86134.0)	(33.0, 105232.0)	(34.0, 98049.0)	(35.0, 117364.0)	(36.0, 181239.0)	(37.0, 1190.0)														
its-E11_S236_L001_R2_001	(12.0, 4.0)	(13.0, 45.0)	(14.0, 136.0)	(15.0, 205.0)	(16.0, 193.0)	(17.0, 152.0)	(18.0, 145.0)	(19.0, 214.0)	(20.0, 286.0)	(21.0, 588.0)	(22.0, 1395.0)	(23.0, 2749.0)	(24.0, 5434.0)	(25.0, 8485.0)	(26.0, 12358.0)	(27.0, 16419.0)	(28.0, 21198.0)	(29.0, 27332.0)	(30.0, 35791.0)	(31.0, 46547.0)	(32.0, 57095.0)	(33.0, 70092.0)	(34.0, 98545.0)	(35.0, 204605.0)	(36.0, 211933.0)	(37.0, 364.0)										
its-E12_S244_L001_R1_001	(2.0, 1.0)	(3.0, 0.0)	(4.0, 0.0)	(5.0, 0.0)	(6.0, 0.0)	(7.0, 0.0)	(8.0, 0.0)	(9.0, 0.0)	(10.0, 0.0)	(11.0, 0.0)	(12.0, 0.0)	(13.0, 0.0)	(14.0, 0.0)	(15.0, 1.0)	(16.0, 1.0)	(17.0, 2.0)	(18.0, 5.0)	(19.0, 9.0)	(20.0, 54.0)	(21.0, 208.0)	(22.0, 722.0)	(23.0, 1951.0)	(24.0, 4552.0)	(25.0, 8128.0)	(26.0, 13558.0)	(27.0, 19966.0)	(28.0, 28516.0)	(29.0, 39561.0)	(30.0, 51366.0)	(31.0, 68973.0)	(32.0, 96277.0)	(33.0, 127420.0)	(34.0, 141976.0)	(35.0, 135788.0)	(36.0, 180487.0)	(37.0, 939.0)
its-E12_S244_L001_R2_001	(2.0, 1.0)	(3.0, 0.0)	(4.0, 0.0)	(5.0, 0.0)	(6.0, 0.0)	(7.0, 0.0)	(8.0, 0.0)	(9.0, 0.0)	(10.0, 0.0)	(11.0, 0.0)	(12.0, 13.0)	(13.0, 63.0)	(14.0, 137.0)	(15.0, 211.0)	(16.0, 202.0)	(17.0, 177.0)	(18.0, 161.0)	(19.0, 197.0)	(20.0, 285.0)	(21.0, 425.0)	(22.0, 778.0)	(23.0, 1573.0)	(24.0, 3043.0)	(25.0, 5327.0)	(26.0, 8917.0)	(27.0, 13278.0)	(28.0, 18914.0)	(29.0, 26435.0)	(30.0, 36723.0)	(31.0, 49858.0)	(32.0, 63885.0)	(33.0, 81111.0)	(34.0, 117382.0)	(35.0, 246148.0)	(36.0, 244905.0)	(37.0, 312.0)
its-F01_S157_L001_R1_001	(2.0, 1.0)	(3.0, 0.0)	(4.0, 0.0)	(5.0, 0.0)	(6.0, 0.0)	(7.0, 0.0)	(8.0, 0.0)	(9.0, 0.0)	(10.0, 0.0)	(11.0, 0.0)	(12.0, 0.0)	(13.0, 0.0)	(14.0, 0.0)	(15.0, 0.0)	(16.0, 0.0)	(17.0, 1.0)	(18.0, 1.0)	(19.0, 4.0)	(20.0, 59.0)	(21.0, 211.0)	(22.0, 794.0)	(23.0, 2136.0)	(24.0, 4885.0)	(25.0, 8670.0)	(26.0, 13118.0)	(27.0, 17750.0)	(28.0, 22939.0)	(29.0, 29567.0)	(30.0, 37598.0)	(31.0, 47626.0)	(32.0, 61034.0)	(33.0, 81773.0)	(34.0, 118881.0)	(35.0, 187306.0)	(36.0, 162852.0)	(37.0, 472.0)
its-F01_S157_L001_R2_001	(2.0, 1.0)	(3.0, 0.0)	(4.0, 0.0)	(5.0, 0.0)	(6.0, 0.0)	(7.0, 0.0)	(8.0, 0.0)	(9.0, 0.0)	(10.0, 0.0)	(11.0, 0.0)	(12.0, 10.0)	(13.0, 101.0)	(14.0, 192.0)	(15.0, 219.0)	(16.0, 187.0)	(17.0, 139.0)	(18.0, 179.0)	(19.0, 246.0)	(20.0, 419.0)	(21.0, 781.0)	(22.0, 1469.0)	(23.0, 2925.0)	(24.0, 4890.0)	(25.0, 7656.0)	(26.0, 10494.0)	(27.0, 14049.0)	(28.0, 17559.0)	(29.0, 23468.0)	(30.0, 30689.0)	(31.0, 40918.0)	(32.0, 54392.0)	(33.0, 70372.0)	(34.0, 99856.0)	(35.0, 215733.0)	(36.0, 200501.0)	(37.0, 233.0)
its-F02_S165_L001_R1_001	(19.0, 5.0)	(20.0, 20.0)	(21.0, 108.0)	(22.0, 444.0)	(23.0, 1174.0)	(24.0, 2542.0)	(25.0, 4931.0)	(26.0, 7973.0)	(27.0, 11896.0)	(28.0, 16351.0)	(29.0, 21744.0)	(30.0, 28248.0)	(31.0, 36875.0)	(32.0, 47001.0)	(33.0, 63201.0)	(34.0, 90940.0)	(35.0, 143335.0)	(36.0, 134551.0)	(37.0, 1147.0)																	
its-F02_S165_L001_R2_001	(12.0, 14.0)	(13.0, 70.0)	(14.0, 122.0)	(15.0, 146.0)	(16.0, 148.0)	(17.0, 174.0)	(18.0, 233.0)	(19.0, 442.0)	(20.0, 843.0)	(21.0, 1434.0)	(22.0, 2131.0)	(23.0, 3470.0)	(24.0, 5250.0)	(25.0, 7387.0)	(26.0, 10120.0)	(27.0, 13149.0)	(28.0, 16691.0)	(29.0, 21022.0)	(30.0, 26464.0)	(31.0, 34531.0)	(32.0, 43991.0)	(33.0, 58488.0)	(34.0, 82058.0)	(35.0, 152926.0)	(36.0, 130721.0)	(37.0, 461.0)										
its-F03_S173_L001_R1_001	(17.0, 2.0)	(18.0, 1.0)	(19.0, 2.0)	(20.0, 26.0)	(21.0, 130.0)	(22.0, 503.0)	(23.0, 1445.0)	(24.0, 3486.0)	(25.0, 6729.0)	(26.0, 11212.0)	(27.0, 17277.0)	(28.0, 24245.0)	(29.0, 31810.0)	(30.0, 41265.0)	(31.0, 53171.0)	(32.0, 68347.0)	(33.0, 88064.0)	(34.0, 114687.0)	(35.0, 186504.0)	(36.0, 173759.0)	(37.0, 66.0)															
its-F03_S173_L001_R2_001	(11.0, 1.0)	(12.0, 11.0)	(13.0, 113.0)	(14.0, 208.0)	(15.0, 242.0)	(16.0, 197.0)	(17.0, 165.0)	(18.0, 169.0)	(19.0, 195.0)	(20.0, 258.0)	(21.0, 472.0)	(22.0, 801.0)	(23.0, 1621.0)	(24.0, 3385.0)	(25.0, 5658.0)	(26.0, 8960.0)	(27.0, 12979.0)	(28.0, 17616.0)	(29.0, 23867.0)	(30.0, 31948.0)	(31.0, 43117.0)	(32.0, 56774.0)	(33.0, 76530.0)	(34.0, 108500.0)	(35.0, 229857.0)	(36.0, 198994.0)	(37.0, 93.0)									
its-F04_S181_L001_R1_001	(17.0, 3.0)	(18.0, 2.0)	(19.0, 4.0)	(20.0, 29.0)	(21.0, 160.0)	(22.0, 508.0)	(23.0, 1541.0)	(24.0, 3732.0)	(25.0, 7177.0)	(26.0, 11677.0)	(27.0, 17209.0)	(28.0, 23388.0)	(29.0, 30652.0)	(30.0, 39091.0)	(31.0, 50662.0)	(32.0, 65375.0)	(33.0, 86147.0)	(34.0, 114314.0)	(35.0, 185379.0)	(36.0, 185216.0)	(37.0, 314.0)															
its-F04_S181_L001_R2_001	(12.0, 14.0)	(13.0, 117.0)	(14.0, 195.0)	(15.0, 195.0)	(16.0, 180.0)	(17.0, 163.0)	(18.0, 154.0)	(19.0, 208.0)	(20.0, 268.0)	(21.0, 503.0)	(22.0, 999.0)	(23.0, 2119.0)	(24.0, 4222.0)	(25.0, 7200.0)	(26.0, 10486.0)	(27.0, 14242.0)	(28.0, 19023.0)	(29.0, 24747.0)	(30.0, 32713.0)	(31.0, 43728.0)	(32.0, 57298.0)	(33.0, 75607.0)	(34.0, 108274.0)	(35.0, 222872.0)	(36.0, 196878.0)	(37.0, 175.0)										
its-F05_S189_L001_R1_001	(2.0, 1.0)	(3.0, 0.0)	(4.0, 0.0)	(5.0, 0.0)	(6.0, 0.0)	(7.0, 0.0)	(8.0, 0.0)	(9.0, 0.0)	(10.0, 0.0)	(11.0, 0.0)	(12.0, 0.0)	(13.0, 0.0)	(14.0, 0.0)	(15.0, 0.0)	(16.0, 1.0)	(17.0, 0.0)	(18.0, 0.0)	(19.0, 2.0)	(20.0, 25.0)	(21.0, 88.0)	(22.0, 401.0)	(23.0, 1202.0)	(24.0, 3002.0)	(25.0, 5667.0)	(26.0, 9514.0)	(27.0, 14200.0)	(28.0, 19985.0)	(29.0, 27234.0)	(30.0, 36288.0)	(31.0, 49763.0)	(32.0, 67765.0)	(33.0, 102684.0)	(34.0, 149898.0)	(35.0, 107220.0)	(36.0, 112385.0)	(37.0, 440.0)
its-F05_S189_L001_R2_001	(11.0, 1.0)	(12.0, 8.0)	(13.0, 66.0)	(14.0, 176.0)	(15.0, 147.0)	(16.0, 165.0)	(17.0, 147.0)	(18.0, 145.0)	(19.0, 175.0)	(20.0, 226.0)	(21.0, 373.0)	(22.0, 776.0)	(23.0, 1640.0)	(24.0, 3213.0)	(25.0, 5687.0)	(26.0, 8605.0)	(27.0, 12282.0)	(28.0, 16293.0)	(29.0, 21655.0)	(30.0, 28838.0)	(31.0, 38183.0)	(32.0, 50647.0)	(33.0, 67095.0)	(34.0, 99706.0)	(35.0, 203750.0)	(36.0, 147576.0)	(37.0, 190.0)									
its-F06_S197_L001_R1_001	(16.0, 1.0)	(17.0, 0.0)	(18.0, 0.0)	(19.0, 6.0)	(20.0, 24.0)	(21.0, 111.0)	(22.0, 375.0)	(23.0, 1092.0)	(24.0, 2663.0)	(25.0, 5524.0)	(26.0, 9155.0)	(27.0, 13833.0)	(28.0, 19179.0)	(29.0, 25267.0)	(30.0, 31906.0)	(31.0, 41044.0)	(32.0, 53157.0)	(33.0, 71780.0)	(34.0, 103579.0)	(35.0, 200437.0)	(36.0, 243319.0)	(37.0, 816.0)														
its-F06_S197_L001_R2_001	(12.0, 15.0)	(13.0, 92.0)	(14.0, 189.0)	(15.0, 194.0)	(16.0, 155.0)	(17.0, 156.0)	(18.0, 156.0)	(19.0, 190.0)	(20.0, 268.0)	(21.0, 431.0)	(22.0, 760.0)	(23.0, 1598.0)	(24.0, 3109.0)	(25.0, 5733.0)	(26.0, 9167.0)	(27.0, 13568.0)	(28.0, 19112.0)	(29.0, 26367.0)	(30.0, 35206.0)	(31.0, 47304.0)	(32.0, 60878.0)	(33.0, 77721.0)	(34.0, 112228.0)	(35.0, 239520.0)	(36.0, 168869.0)	(37.0, 282.0)										
its-F07_S205_L001_R1_001	(2.0, 1.0)	(3.0, 0.0)	(4.0, 0.0)	(5.0, 0.0)	(6.0, 0.0)	(7.0, 0.0)	(8.0, 0.0)	(9.0, 0.0)	(10.0, 0.0)	(11.0, 0.0)	(12.0, 0.0)	(13.0, 0.0)	(14.0, 0.0)	(15.0, 0.0)	(16.0, 0.0)	(17.0, 0.0)	(18.0, 0.0)	(19.0, 5.0)	(20.0, 13.0)	(21.0, 82.0)	(22.0, 393.0)	(23.0, 1468.0)	(24.0, 4262.0)	(25.0, 8604.0)	(26.0, 14017.0)	(27.0, 19473.0)	(28.0, 24183.0)	(29.0, 30605.0)	(30.0, 38508.0)	(31.0, 50318.0)	(32.0, 67665.0)	(33.0, 96099.0)	(34.0, 160416.0)	(35.0, 198321.0)	(36.0, 31879.0)	(37.0, 21.0)
its-F07_S205_L001_R2_001	(12.0, 17.0)	(13.0, 74.0)	(14.0, 142.0)	(15.0, 162.0)	(16.0, 130.0)	(17.0, 145.0)	(18.0, 129.0)	(19.0, 179.0)	(20.0, 214.0)	(21.0, 255.0)	(22.0, 444.0)	(23.0, 862.0)	(24.0, 1909.0)	(25.0, 3736.0)	(26.0, 6178.0)	(27.0, 9627.0)	(28.0, 13904.0)	(29.0, 19516.0)	(30.0, 27792.0)	(31.0, 39061.0)	(32.0, 54585.0)	(33.0, 76941.0)	(34.0, 124881.0)	(35.0, 247052.0)	(36.0, 118297.0)	(37.0, 101.0)										
its-F08_S213_L001_R1_001	(19.0, 5.0)	(20.0, 33.0)	(21.0, 169.0)	(22.0, 537.0)	(23.0, 1325.0)	(24.0, 2878.0)	(25.0, 5445.0)	(26.0, 8660.0)	(27.0, 13309.0)	(28.0, 18985.0)	(29.0, 26337.0)	(30.0, 32635.0)	(31.0, 43152.0)	(32.0, 59180.0)	(33.0, 77587.0)	(34.0, 103596.0)	(35.0, 178805.0)	(36.0, 182652.0)	(37.0, 190.0)																	
its-F08_S213_L001_R2_001	(12.0, 3.0)	(13.0, 59.0)	(14.0, 183.0)	(15.0, 226.0)	(16.0, 209.0)	(17.0, 198.0)	(18.0, 187.0)	(19.0, 179.0)	(20.0, 287.0)	(21.0, 529.0)	(22.0, 925.0)	(23.0, 2042.0)	(24.0, 3950.0)	(25.0, 6541.0)	(26.0, 9745.0)	(27.0, 13867.0)	(28.0, 18547.0)	(29.0, 24366.0)	(30.0, 32724.0)	(31.0, 43583.0)	(32.0, 53625.0)	(33.0, 68110.0)	(34.0, 98482.0)	(35.0, 192905.0)	(36.0, 183892.0)	(37.0, 116.0)										
its-F09_S221_L001_R1_001	(16.0, 1.0)	(17.0, 1.0)	(18.0, 1.0)	(19.0, 13.0)	(20.0, 55.0)	(21.0, 239.0)	(22.0, 696.0)	(23.0, 1958.0)	(24.0, 3990.0)	(25.0, 7429.0)	(26.0, 11404.0)	(27.0, 16839.0)	(28.0, 22763.0)	(29.0, 29278.0)	(30.0, 36819.0)	(31.0, 48533.0)	(32.0, 65332.0)	(33.0, 81658.0)	(34.0, 106834.0)	(35.0, 181113.0)	(36.0, 209232.0)	(37.0, 468.0)														
its-F09_S221_L001_R2_001	(11.0, 1.0)	(12.0, 8.0)	(13.0, 58.0)	(14.0, 151.0)	(15.0, 227.0)	(16.0, 212.0)	(17.0, 213.0)	(18.0, 196.0)	(19.0, 227.0)	(20.0, 337.0)	(21.0, 654.0)	(22.0, 1286.0)	(23.0, 2724.0)	(24.0, 4988.0)	(25.0, 8164.0)	(26.0, 11936.0)	(27.0, 15741.0)	(28.0, 20512.0)	(29.0, 26295.0)	(30.0, 34172.0)	(31.0, 44586.0)	(32.0, 56530.0)	(33.0, 72374.0)	(34.0, 102974.0)	(35.0, 200745.0)	(36.0, 219125.0)	(37.0, 220.0)									
its-F10_S229_L001_R1_001	(19.0, 7.0)	(20.0, 24.0)	(21.0, 97.0)	(22.0, 403.0)	(23.0, 1039.0)	(24.0, 2229.0)	(25.0, 4275.0)	(26.0, 7104.0)	(27.0, 10885.0)	(28.0, 15274.0)	(29.0, 20972.0)	(30.0, 27345.0)	(31.0, 37155.0)	(32.0, 51043.0)	(33.0, 66037.0)	(34.0, 85260.0)	(35.0, 140008.0)	(36.0, 168216.0)	(37.0, 527.0)																	
its-F10_S229_L001_R2_001	(12.0, 2.0)	(13.0, 30.0)	(14.0, 110.0)	(15.0, 185.0)	(16.0, 140.0)	(17.0, 138.0)	(18.0, 132.0)	(19.0, 154.0)	(20.0, 236.0)	(21.0, 395.0)	(22.0, 747.0)	(23.0, 1483.0)	(24.0, 2808.0)	(25.0, 4625.0)	(26.0, 7146.0)	(27.0, 9914.0)	(28.0, 13733.0)	(29.0, 18352.0)	(30.0, 24249.0)	(31.0, 32678.0)	(32.0, 42228.0)	(33.0, 55035.0)	(34.0, 78060.0)	(35.0, 155094.0)	(36.0, 189962.0)	(37.0, 264.0)										
its-F11_S237_L001_R1_001	(18.0, 7.0)	(19.0, 46.0)	(20.0, 273.0)	(21.0, 1104.0)	(22.0, 3095.0)	(23.0, 7066.0)	(24.0, 12924.0)	(25.0, 20282.0)	(26.0, 28246.0)	(27.0, 36174.0)	(28.0, 46569.0)	(29.0, 57691.0)	(30.0, 69501.0)	(31.0, 90774.0)	(32.0, 126604.0)	(33.0, 142767.0)	(34.0, 118256.0)	(35.0, 143984.0)	(36.0, 139102.0)	(37.0, 887.0)																
its-F11_S237_L001_R2_001	(12.0, 4.0)	(13.0, 48.0)	(14.0, 144.0)	(15.0, 233.0)	(16.0, 235.0)	(17.0, 199.0)	(18.0, 187.0)	(19.0, 250.0)	(20.0, 379.0)	(21.0, 715.0)	(22.0, 1416.0)	(23.0, 2663.0)	(24.0, 4708.0)	(25.0, 7531.0)	(26.0, 11116.0)	(27.0, 15178.0)	(28.0, 20159.0)	(29.0, 27710.0)	(30.0, 37997.0)	(31.0, 52287.0)	(32.0, 66054.0)	(33.0, 86285.0)	(34.0, 127556.0)	(35.0, 273246.0)	(36.0, 308609.0)	(37.0, 443.0)										
its-F12_S245_L001_R1_001	(18.0, 3.0)	(19.0, 10.0)	(20.0, 68.0)	(21.0, 273.0)	(22.0, 929.0)	(23.0, 2408.0)	(24.0, 5051.0)	(25.0, 8545.0)	(26.0, 12675.0)	(27.0, 17737.0)	(28.0, 23987.0)	(29.0, 33171.0)	(30.0, 43550.0)	(31.0, 59790.0)	(32.0, 87620.0)	(33.0, 122568.0)	(34.0, 138445.0)	(35.0, 90686.0)	(36.0, 118127.0)	(37.0, 1230.0)																
its-F12_S245_L001_R2_001	(12.0, 6.0)	(13.0, 52.0)	(14.0, 101.0)	(15.0, 149.0)	(16.0, 144.0)	(17.0, 126.0)	(18.0, 127.0)	(19.0, 160.0)	(20.0, 262.0)	(21.0, 503.0)	(22.0, 1024.0)	(23.0, 2277.0)	(24.0, 4132.0)	(25.0, 6959.0)	(26.0, 10105.0)	(27.0, 13441.0)	(28.0, 17460.0)	(29.0, 22585.0)	(30.0, 29508.0)	(31.0, 39218.0)	(32.0, 50813.0)	(33.0, 65613.0)	(34.0, 95478.0)	(35.0, 200744.0)	(36.0, 205357.0)	(37.0, 529.0)										
its-G01_S158_L001_R1_001	(17.0, 1.0)	(18.0, 1.0)	(19.0, 7.0)	(20.0, 28.0)	(21.0, 130.0)	(22.0, 475.0)	(23.0, 1451.0)	(24.0, 3387.0)	(25.0, 6601.0)	(26.0, 10807.0)	(27.0, 16420.0)	(28.0, 23438.0)	(29.0, 31627.0)	(30.0, 42899.0)	(31.0, 57654.0)	(32.0, 77254.0)	(33.0, 106628.0)	(34.0, 157771.0)	(35.0, 251570.0)	(36.0, 266136.0)	(37.0, 794.0)															
its-G01_S158_L001_R2_001	(12.0, 11.0)	(13.0, 116.0)	(14.0, 233.0)	(15.0, 277.0)	(16.0, 205.0)	(17.0, 191.0)	(18.0, 232.0)	(19.0, 303.0)	(20.0, 436.0)	(21.0, 721.0)	(22.0, 1270.0)	(23.0, 2237.0)	(24.0, 4177.0)	(25.0, 6825.0)	(26.0, 10313.0)	(27.0, 14838.0)	(28.0, 20131.0)	(29.0, 26469.0)	(30.0, 36061.0)	(31.0, 49368.0)	(32.0, 67833.0)	(33.0, 91298.0)	(34.0, 129046.0)	(35.0, 286993.0)	(36.0, 305143.0)	(37.0, 352.0)										
its-G02_S166_L001_R1_001	(2.0, 1.0)	(3.0, 0.0)	(4.0, 0.0)	(5.0, 0.0)	(6.0, 0.0)	(7.0, 0.0)	(8.0, 0.0)	(9.0, 0.0)	(10.0, 0.0)	(11.0, 0.0)	(12.0, 0.0)	(13.0, 0.0)	(14.0, 0.0)	(15.0, 0.0)	(16.0, 0.0)	(17.0, 1.0)	(18.0, 3.0)	(19.0, 8.0)	(20.0, 41.0)	(21.0, 158.0)	(22.0, 680.0)	(23.0, 1877.0)	(24.0, 4120.0)	(25.0, 7932.0)	(26.0, 12470.0)	(27.0, 18069.0)	(28.0, 23684.0)	(29.0, 30079.0)	(30.0, 37813.0)	(31.0, 48567.0)	(32.0, 62144.0)	(33.0, 82888.0)	(34.0, 118633.0)	(35.0, 192397.0)	(36.0, 144102.0)	(37.0, 691.0)
its-G02_S166_L001_R2_001	(2.0, 1.0)	(3.0, 0.0)	(4.0, 0.0)	(5.0, 0.0)	(6.0, 0.0)	(7.0, 0.0)	(8.0, 0.0)	(9.0, 0.0)	(10.0, 0.0)	(11.0, 0.0)	(12.0, 14.0)	(13.0, 82.0)	(14.0, 176.0)	(15.0, 177.0)	(16.0, 139.0)	(17.0, 143.0)	(18.0, 127.0)	(19.0, 184.0)	(20.0, 256.0)	(21.0, 455.0)	(22.0, 899.0)	(23.0, 1748.0)	(24.0, 3499.0)	(25.0, 6041.0)	(26.0, 9545.0)	(27.0, 13162.0)	(28.0, 17641.0)	(29.0, 23277.0)	(30.0, 30989.0)	(31.0, 42177.0)	(32.0, 55480.0)	(33.0, 74296.0)	(34.0, 107568.0)	(35.0, 221440.0)	(36.0, 176423.0)	(37.0, 419.0)
its-G03_S174_L001_R1_001	(17.0, 1.0)	(18.0, 1.0)	(19.0, 1.0)	(20.0, 17.0)	(21.0, 54.0)	(22.0, 278.0)	(23.0, 827.0)	(24.0, 2140.0)	(25.0, 4239.0)	(26.0, 7290.0)	(27.0, 11163.0)	(28.0, 16389.0)	(29.0, 22814.0)	(30.0, 30233.0)	(31.0, 40788.0)	(32.0, 55695.0)	(33.0, 75615.0)	(34.0, 103969.0)	(35.0, 169080.0)	(36.0, 160403.0)	(37.0, 101.0)															
its-G03_S174_L001_R2_001	(12.0, 6.0)	(13.0, 56.0)	(14.0, 134.0)	(15.0, 167.0)	(16.0, 153.0)	(17.0, 129.0)	(18.0, 133.0)	(19.0, 181.0)	(20.0, 284.0)	(21.0, 375.0)	(22.0, 772.0)	(23.0, 1713.0)	(24.0, 3165.0)	(25.0, 5577.0)	(26.0, 8676.0)	(27.0, 12337.0)	(28.0, 17096.0)	(29.0, 23033.0)	(30.0, 30377.0)	(31.0, 40835.0)	(32.0, 53027.0)	(33.0, 70389.0)	(34.0, 104661.0)	(35.0, 204665.0)	(36.0, 123108.0)	(37.0, 49.0)										
its-G04_S182_L001_R1_001	(19.0, 1.0)	(20.0, 0.0)	(21.0, 11.0)	(22.0, 32.0)	(23.0, 87.0)	(24.0, 198.0)	(25.0, 439.0)	(26.0, 662.0)	(27.0, 985.0)	(28.0, 1264.0)	(29.0, 1721.0)	(30.0, 2089.0)	(31.0, 2722.0)	(32.0, 3563.0)	(33.0, 4445.0)	(34.0, 5891.0)	(35.0, 9882.0)	(36.0, 10031.0)	(37.0, 7.0)																	
its-G04_S182_L001_R2_001	(12.0, 3.0)	(13.0, 9.0)	(14.0, 18.0)	(15.0, 22.0)	(16.0, 23.0)	(17.0, 18.0)	(18.0, 20.0)	(19.0, 15.0)	(20.0, 37.0)	(21.0, 47.0)	(22.0, 71.0)	(23.0, 133.0)	(24.0, 271.0)	(25.0, 455.0)	(26.0, 647.0)	(27.0, 831.0)	(28.0, 1080.0)	(29.0, 1374.0)	(30.0, 1719.0)	(31.0, 2370.0)	(32.0, 2992.0)	(33.0, 3942.0)	(34.0, 5762.0)	(35.0, 12307.0)	(36.0, 9859.0)	(37.0, 5.0)										
its-G05_S190_L001_R1_001	(15.0, 1.0)	(16.0, 0.0)	(17.0, 1.0)	(18.0, 4.0)	(19.0, 6.0)	(20.0, 34.0)	(21.0, 159.0)	(22.0, 620.0)	(23.0, 1744.0)	(24.0, 4217.0)	(25.0, 7956.0)	(26.0, 12548.0)	(27.0, 18007.0)	(28.0, 24324.0)	(29.0, 32059.0)	(30.0, 41477.0)	(31.0, 54370.0)	(32.0, 75180.0)	(33.0, 113468.0)	(34.0, 176024.0)	(35.0, 127506.0)	(36.0, 134618.0)	(37.0, 568.0)													
its-G05_S190_L001_R2_001	(12.0, 9.0)	(13.0, 136.0)	(14.0, 176.0)	(15.0, 200.0)	(16.0, 159.0)	(17.0, 169.0)	(18.0, 138.0)	(19.0, 221.0)	(20.0, 299.0)	(21.0, 496.0)	(22.0, 1204.0)	(23.0, 2683.0)	(24.0, 5188.0)	(25.0, 8575.0)	(26.0, 12467.0)	(27.0, 16860.0)	(28.0, 21526.0)	(29.0, 27689.0)	(30.0, 34924.0)	(31.0, 46119.0)	(32.0, 60037.0)	(33.0, 78171.0)	(34.0, 114200.0)	(35.0, 234442.0)	(36.0, 158527.0)	(37.0, 276.0)										
its-G06_S198_L001_R1_001	(2.0, 2.0)	(3.0, 0.0)	(4.0, 0.0)	(5.0, 0.0)	(6.0, 0.0)	(7.0, 0.0)	(8.0, 0.0)	(9.0, 0.0)	(10.0, 0.0)	(11.0, 0.0)	(12.0, 0.0)	(13.0, 0.0)	(14.0, 0.0)	(15.0, 0.0)	(16.0, 0.0)	(17.0, 1.0)	(18.0, 0.0)	(19.0, 5.0)	(20.0, 18.0)	(21.0, 58.0)	(22.0, 212.0)	(23.0, 590.0)	(24.0, 1557.0)	(25.0, 3404.0)	(26.0, 6209.0)	(27.0, 9707.0)	(28.0, 13871.0)	(29.0, 18646.0)	(30.0, 23990.0)	(31.0, 30259.0)	(32.0, 38947.0)	(33.0, 52341.0)	(34.0, 76700.0)	(35.0, 147798.0)	(36.0, 206561.0)	(37.0, 731.0)
its-G06_S198_L001_R2_001	(2.0, 2.0)	(3.0, 0.0)	(4.0, 0.0)	(5.0, 0.0)	(6.0, 0.0)	(7.0, 0.0)	(8.0, 0.0)	(9.0, 0.0)	(10.0, 0.0)	(11.0, 1.0)	(12.0, 13.0)	(13.0, 73.0)	(14.0, 161.0)	(15.0, 151.0)	(16.0, 160.0)	(17.0, 129.0)	(18.0, 123.0)	(19.0, 152.0)	(20.0, 218.0)	(21.0, 337.0)	(22.0, 644.0)	(23.0, 1408.0)	(24.0, 2696.0)	(25.0, 5083.0)	(26.0, 8075.0)	(27.0, 11870.0)	(28.0, 16241.0)	(29.0, 21818.0)	(30.0, 28320.0)	(31.0, 37314.0)	(32.0, 47428.0)	(33.0, 59272.0)	(34.0, 86588.0)	(35.0, 182805.0)	(36.0, 120320.0)	(37.0, 205.0)
its-G07_S206_L001_R1_001	(19.0, 1.0)	(20.0, 5.0)	(21.0, 32.0)	(22.0, 140.0)	(23.0, 731.0)	(24.0, 2223.0)	(25.0, 4801.0)	(26.0, 7952.0)	(27.0, 11604.0)	(28.0, 15906.0)	(29.0, 20915.0)	(30.0, 26494.0)	(31.0, 34740.0)	(32.0, 46232.0)	(33.0, 65781.0)	(34.0, 101612.0)	(35.0, 213336.0)	(36.0, 119716.0)	(37.0, 104.0)																	
its-G07_S206_L001_R2_001	(12.0, 20.0)	(13.0, 134.0)	(14.0, 159.0)	(15.0, 142.0)	(16.0, 105.0)	(17.0, 106.0)	(18.0, 118.0)	(19.0, 156.0)	(20.0, 192.0)	(21.0, 284.0)	(22.0, 584.0)	(23.0, 1439.0)	(24.0, 3320.0)	(25.0, 5961.0)	(26.0, 9198.0)	(27.0, 13380.0)	(28.0, 17756.0)	(29.0, 23691.0)	(30.0, 30932.0)	(31.0, 41298.0)	(32.0, 53408.0)	(33.0, 71218.0)	(34.0, 110345.0)	(35.0, 202223.0)	(36.0, 86013.0)	(37.0, 143.0)										
its-G08_S214_L001_R1_001	(18.0, 3.0)	(19.0, 5.0)	(20.0, 73.0)	(21.0, 302.0)	(22.0, 948.0)	(23.0, 2243.0)	(24.0, 4481.0)	(25.0, 7850.0)	(26.0, 11046.0)	(27.0, 15417.0)	(28.0, 20523.0)	(29.0, 26814.0)	(30.0, 32520.0)	(31.0, 41371.0)	(32.0, 55431.0)	(33.0, 71867.0)	(34.0, 97383.0)	(35.0, 172094.0)	(36.0, 189829.0)	(37.0, 480.0)																
its-G08_S214_L001_R2_001	(12.0, 4.0)	(13.0, 60.0)	(14.0, 168.0)	(15.0, 200.0)	(16.0, 200.0)	(17.0, 178.0)	(18.0, 154.0)	(19.0, 193.0)	(20.0, 297.0)	(21.0, 688.0)	(22.0, 1376.0)	(23.0, 2726.0)	(24.0, 4852.0)	(25.0, 7432.0)	(26.0, 10537.0)	(27.0, 13990.0)	(28.0, 18070.0)	(29.0, 23779.0)	(30.0, 31117.0)	(31.0, 41695.0)	(32.0, 50968.0)	(33.0, 64847.0)	(34.0, 93521.0)	(35.0, 185268.0)	(36.0, 198156.0)	(37.0, 204.0)										
its-G09_S222_L001_R1_001	(2.0, 1.0)	(3.0, 0.0)	(4.0, 0.0)	(5.0, 0.0)	(6.0, 0.0)	(7.0, 0.0)	(8.0, 0.0)	(9.0, 0.0)	(10.0, 0.0)	(11.0, 0.0)	(12.0, 0.0)	(13.0, 0.0)	(14.0, 0.0)	(15.0, 0.0)	(16.0, 0.0)	(17.0, 0.0)	(18.0, 0.0)	(19.0, 4.0)	(20.0, 23.0)	(21.0, 105.0)	(22.0, 335.0)	(23.0, 856.0)	(24.0, 1848.0)	(25.0, 3968.0)	(26.0, 6773.0)	(27.0, 10834.0)	(28.0, 16280.0)	(29.0, 22842.0)	(30.0, 30044.0)	(31.0, 40937.0)	(32.0, 56685.0)	(33.0, 73685.0)	(34.0, 97491.0)	(35.0, 168418.0)	(36.0, 227429.0)	(37.0, 583.0)
its-G09_S222_L001_R2_001	(2.0, 1.0)	(3.0, 0.0)	(4.0, 0.0)	(5.0, 0.0)	(6.0, 0.0)	(7.0, 0.0)	(8.0, 0.0)	(9.0, 0.0)	(10.0, 0.0)	(11.0, 0.0)	(12.0, 3.0)	(13.0, 73.0)	(14.0, 174.0)	(15.0, 213.0)	(16.0, 197.0)	(17.0, 147.0)	(18.0, 192.0)	(19.0, 217.0)	(20.0, 285.0)	(21.0, 486.0)	(22.0, 843.0)	(23.0, 1799.0)	(24.0, 3365.0)	(25.0, 5832.0)	(26.0, 8854.0)	(27.0, 12638.0)	(28.0, 17154.0)	(29.0, 22996.0)	(30.0, 30814.0)	(31.0, 42015.0)	(32.0, 52606.0)	(33.0, 68595.0)	(34.0, 98802.0)	(35.0, 191734.0)	(36.0, 198881.0)	(37.0, 225.0)
its-G10_S230_L001_R1_001	(2.0, 1.0)	(3.0, 0.0)	(4.0, 0.0)	(5.0, 0.0)	(6.0, 0.0)	(7.0, 0.0)	(8.0, 0.0)	(9.0, 0.0)	(10.0, 0.0)	(11.0, 0.0)	(12.0, 0.0)	(13.0, 0.0)	(14.0, 0.0)	(15.0, 0.0)	(16.0, 0.0)	(17.0, 2.0)	(18.0, 0.0)	(19.0, 6.0)	(20.0, 54.0)	(21.0, 255.0)	(22.0, 814.0)	(23.0, 1988.0)	(24.0, 3896.0)	(25.0, 7254.0)	(26.0, 11092.0)	(27.0, 15276.0)	(28.0, 20512.0)	(29.0, 25918.0)	(30.0, 32381.0)	(31.0, 42531.0)	(32.0, 53093.0)	(33.0, 63276.0)	(34.0, 86912.0)	(35.0, 118714.0)	(36.0, 46267.0)	(37.0, 294.0)
its-G10_S230_L001_R2_001	(2.0, 1.0)	(3.0, 0.0)	(4.0, 0.0)	(5.0, 0.0)	(6.0, 0.0)	(7.0, 0.0)	(8.0, 0.0)	(9.0, 0.0)	(10.0, 0.0)	(11.0, 0.0)	(12.0, 2.0)	(13.0, 38.0)	(14.0, 118.0)	(15.0, 145.0)	(16.0, 138.0)	(17.0, 121.0)	(18.0, 116.0)	(19.0, 139.0)	(20.0, 194.0)	(21.0, 244.0)	(22.0, 374.0)	(23.0, 726.0)	(24.0, 1482.0)	(25.0, 2695.0)	(26.0, 4260.0)	(27.0, 6366.0)	(28.0, 9236.0)	(29.0, 13312.0)	(30.0, 19337.0)	(31.0, 27552.0)	(32.0, 36785.0)	(33.0, 49254.0)	(34.0, 74874.0)	(35.0, 145590.0)	(36.0, 137218.0)	(37.0, 219.0)
its-G11_S238_L001_R1_001	(17.0, 1.0)	(18.0, 2.0)	(19.0, 11.0)	(20.0, 84.0)	(21.0, 388.0)	(22.0, 1234.0)	(23.0, 3076.0)	(24.0, 6343.0)	(25.0, 10952.0)	(26.0, 16503.0)	(27.0, 22964.0)	(28.0, 31355.0)	(29.0, 42049.0)	(30.0, 54533.0)	(31.0, 73538.0)	(32.0, 103783.0)	(33.0, 128590.0)	(34.0, 119895.0)	(35.0, 137791.0)	(36.0, 208558.0)	(37.0, 1649.0)															
its-G11_S238_L001_R2_001	(12.0, 5.0)	(13.0, 49.0)	(14.0, 179.0)	(15.0, 212.0)	(16.0, 203.0)	(17.0, 169.0)	(18.0, 180.0)	(19.0, 200.0)	(20.0, 288.0)	(21.0, 565.0)	(22.0, 1138.0)	(23.0, 2247.0)	(24.0, 4183.0)	(25.0, 6925.0)	(26.0, 10309.0)	(27.0, 14788.0)	(28.0, 20102.0)	(29.0, 26851.0)	(30.0, 36110.0)	(31.0, 48703.0)	(32.0, 63565.0)	(33.0, 80952.0)	(34.0, 111977.0)	(35.0, 233242.0)	(36.0, 299598.0)	(37.0, 559.0)										
its-G12_S246_L001_R1_001	(2.0, 1.0)	(3.0, 0.0)	(4.0, 0.0)	(5.0, 0.0)	(6.0, 0.0)	(7.0, 0.0)	(8.0, 0.0)	(9.0, 0.0)	(10.0, 0.0)	(11.0, 0.0)	(12.0, 0.0)	(13.0, 0.0)	(14.0, 1.0)	(15.0, 0.0)	(16.0, 0.0)	(17.0, 3.0)	(18.0, 3.0)	(19.0, 12.0)	(20.0, 88.0)	(21.0, 373.0)	(22.0, 1034.0)	(23.0, 2723.0)	(24.0, 5710.0)	(25.0, 9951.0)	(26.0, 15034.0)	(27.0, 21851.0)	(28.0, 30994.0)	(29.0, 42887.0)	(30.0, 55681.0)	(31.0, 75411.0)	(32.0, 107823.0)	(33.0, 144143.0)	(34.0, 157839.0)	(35.0, 129627.0)	(36.0, 178058.0)	(37.0, 1307.0)
its-G12_S246_L001_R2_001	(2.0, 1.0)	(3.0, 0.0)	(4.0, 0.0)	(5.0, 0.0)	(6.0, 0.0)	(7.0, 0.0)	(8.0, 0.0)	(9.0, 0.0)	(10.0, 0.0)	(11.0, 1.0)	(12.0, 10.0)	(13.0, 67.0)	(14.0, 155.0)	(15.0, 193.0)	(16.0, 171.0)	(17.0, 174.0)	(18.0, 183.0)	(19.0, 222.0)	(20.0, 333.0)	(21.0, 579.0)	(22.0, 1149.0)	(23.0, 2254.0)	(24.0, 4252.0)	(25.0, 6958.0)	(26.0, 10505.0)	(27.0, 15075.0)	(28.0, 20589.0)	(29.0, 27397.0)	(30.0, 37332.0)	(31.0, 51624.0)	(32.0, 65053.0)	(33.0, 83679.0)	(34.0, 118223.0)	(35.0, 253233.0)	(36.0, 280542.0)	(37.0, 600.0)
its-H01_S159_L001_R1_001	(2.0, 1.0)	(3.0, 0.0)	(4.0, 0.0)	(5.0, 0.0)	(6.0, 0.0)	(7.0, 0.0)	(8.0, 0.0)	(9.0, 0.0)	(10.0, 0.0)	(11.0, 0.0)	(12.0, 0.0)	(13.0, 0.0)	(14.0, 0.0)	(15.0, 0.0)	(16.0, 0.0)	(17.0, 0.0)	(18.0, 1.0)	(19.0, 0.0)	(20.0, 20.0)	(21.0, 84.0)	(22.0, 281.0)	(23.0, 843.0)	(24.0, 1989.0)	(25.0, 3780.0)	(26.0, 5993.0)	(27.0, 8788.0)	(28.0, 12231.0)	(29.0, 16506.0)	(30.0, 21870.0)	(31.0, 28682.0)	(32.0, 38119.0)	(33.0, 51452.0)	(34.0, 75167.0)	(35.0, 123276.0)	(36.0, 139366.0)	(37.0, 535.0)
its-H01_S159_L001_R2_001	(2.0, 1.0)	(3.0, 0.0)	(4.0, 0.0)	(5.0, 0.0)	(6.0, 0.0)	(7.0, 0.0)	(8.0, 0.0)	(9.0, 0.0)	(10.0, 0.0)	(11.0, 0.0)	(12.0, 8.0)	(13.0, 55.0)	(14.0, 103.0)	(15.0, 113.0)	(16.0, 96.0)	(17.0, 85.0)	(18.0, 140.0)	(19.0, 249.0)	(20.0, 447.0)	(21.0, 734.0)	(22.0, 1195.0)	(23.0, 2029.0)	(24.0, 3176.0)	(25.0, 5009.0)	(26.0, 7032.0)	(27.0, 9602.0)	(28.0, 12706.0)	(29.0, 16591.0)	(30.0, 21735.0)	(31.0, 28938.0)	(32.0, 37346.0)	(33.0, 47478.0)	(34.0, 67549.0)	(35.0, 144541.0)	(36.0, 121837.0)	(37.0, 189.0)
its-H02_S167_L001_R1_001	(17.0, 2.0)	(18.0, 3.0)	(19.0, 12.0)	(20.0, 62.0)	(21.0, 300.0)	(22.0, 1018.0)	(23.0, 2771.0)	(24.0, 5747.0)	(25.0, 10053.0)	(26.0, 15359.0)	(27.0, 21187.0)	(28.0, 26719.0)	(29.0, 34388.0)	(30.0, 42907.0)	(31.0, 53751.0)	(32.0, 68805.0)	(33.0, 91187.0)	(34.0, 128277.0)	(35.0, 174638.0)	(36.0, 62167.0)	(37.0, 361.0)															
its-H02_S167_L001_R2_001	(12.0, 9.0)	(13.0, 81.0)	(14.0, 172.0)	(15.0, 159.0)	(16.0, 138.0)	(17.0, 139.0)	(18.0, 177.0)	(19.0, 243.0)	(20.0, 357.0)	(21.0, 523.0)	(22.0, 1008.0)	(23.0, 1909.0)	(24.0, 3258.0)	(25.0, 5573.0)	(26.0, 8256.0)	(27.0, 11331.0)	(28.0, 15693.0)	(29.0, 21432.0)	(30.0, 29006.0)	(31.0, 40184.0)	(32.0, 53839.0)	(33.0, 71408.0)	(34.0, 110051.0)	(35.0, 219249.0)	(36.0, 145170.0)	(37.0, 349.0)										
its-H03_S175_L001_R1_001	(19.0, 5.0)	(20.0, 23.0)	(21.0, 102.0)	(22.0, 476.0)	(23.0, 1346.0)	(24.0, 3385.0)	(25.0, 6619.0)	(26.0, 11223.0)	(27.0, 17028.0)	(28.0, 23820.0)	(29.0, 31353.0)	(30.0, 40132.0)	(31.0, 52381.0)	(32.0, 68062.0)	(33.0, 87999.0)	(34.0, 116946.0)	(35.0, 194953.0)	(36.0, 194311.0)	(37.0, 117.0)																	
its-H03_S175_L001_R2_001	(12.0, 12.0)	(13.0, 104.0)	(14.0, 183.0)	(15.0, 209.0)	(16.0, 183.0)	(17.0, 169.0)	(18.0, 177.0)	(19.0, 219.0)	(20.0, 282.0)	(21.0, 475.0)	(22.0, 1002.0)	(23.0, 2228.0)	(24.0, 4426.0)	(25.0, 7764.0)	(26.0, 11497.0)	(27.0, 15946.0)	(28.0, 20513.0)	(29.0, 26584.0)	(30.0, 34304.0)	(31.0, 45456.0)	(32.0, 60101.0)	(33.0, 78931.0)	(34.0, 112391.0)	(35.0, 239415.0)	(36.0, 187592.0)	(37.0, 118.0)										
its-H04_S183_L001_R1_001	(2.0, 2.0)	(3.0, 0.0)	(4.0, 0.0)	(5.0, 0.0)	(6.0, 0.0)	(7.0, 0.0)	(8.0, 0.0)	(9.0, 0.0)	(10.0, 0.0)	(11.0, 0.0)	(12.0, 0.0)	(13.0, 0.0)	(14.0, 0.0)	(15.0, 0.0)	(16.0, 0.0)	(17.0, 0.0)	(18.0, 0.0)	(19.0, 9.0)	(20.0, 30.0)	(21.0, 124.0)	(22.0, 466.0)	(23.0, 1529.0)	(24.0, 3588.0)	(25.0, 6980.0)	(26.0, 11947.0)	(27.0, 18289.0)	(28.0, 25848.0)	(29.0, 34597.0)	(30.0, 45450.0)	(31.0, 58468.0)	(32.0, 76579.0)	(33.0, 100000.0)	(34.0, 133542.0)	(35.0, 219893.0)	(36.0, 200700.0)	(37.0, 296.0)
its-H04_S183_L001_R2_001	(2.0, 1.0)	(3.0, 0.0)	(4.0, 0.0)	(5.0, 0.0)	(6.0, 0.0)	(7.0, 0.0)	(8.0, 0.0)	(9.0, 0.0)	(10.0, 0.0)	(11.0, 0.0)	(12.0, 14.0)	(13.0, 107.0)	(14.0, 221.0)	(15.0, 225.0)	(16.0, 212.0)	(17.0, 178.0)	(18.0, 193.0)	(19.0, 254.0)	(20.0, 342.0)	(21.0, 536.0)	(22.0, 1016.0)	(23.0, 2163.0)	(24.0, 4236.0)	(25.0, 7435.0)	(26.0, 11616.0)	(27.0, 16373.0)	(28.0, 21824.0)	(29.0, 28671.0)	(30.0, 37918.0)	(31.0, 50797.0)	(32.0, 67343.0)	(33.0, 88058.0)	(34.0, 127649.0)	(35.0, 271177.0)	(36.0, 199649.0)	(37.0, 129.0)
its-H05_S191_L001_R1_001	(16.0, 1.0)	(17.0, 0.0)	(18.0, 1.0)	(19.0, 5.0)	(20.0, 27.0)	(21.0, 112.0)	(22.0, 447.0)	(23.0, 1468.0)	(24.0, 3685.0)	(25.0, 7210.0)	(26.0, 11777.0)	(27.0, 17554.0)	(28.0, 24236.0)	(29.0, 33041.0)	(30.0, 44133.0)	(31.0, 59047.0)	(32.0, 81578.0)	(33.0, 135761.0)	(34.0, 199579.0)	(35.0, 112746.0)	(36.0, 112279.0)	(37.0, 537.0)														
its-H05_S191_L001_R2_001	(12.0, 11.0)	(13.0, 122.0)	(14.0, 215.0)	(15.0, 175.0)	(16.0, 190.0)	(17.0, 171.0)	(18.0, 187.0)	(19.0, 209.0)	(20.0, 331.0)	(21.0, 564.0)	(22.0, 1075.0)	(23.0, 2634.0)	(24.0, 5075.0)	(25.0, 8476.0)	(26.0, 12376.0)	(27.0, 16776.0)	(28.0, 21820.0)	(29.0, 27838.0)	(30.0, 35630.0)	(31.0, 47482.0)	(32.0, 61966.0)	(33.0, 80731.0)	(34.0, 120607.0)	(35.0, 249171.0)	(36.0, 151140.0)	(37.0, 252.0)										
its-H06_S199_L001_R1_001	(18.0, 1.0)	(19.0, 4.0)	(20.0, 16.0)	(21.0, 61.0)	(22.0, 308.0)	(23.0, 1009.0)	(24.0, 2532.0)	(25.0, 5205.0)	(26.0, 9194.0)	(27.0, 13803.0)	(28.0, 19459.0)	(29.0, 25539.0)	(30.0, 33099.0)	(31.0, 42452.0)	(32.0, 54999.0)	(33.0, 75812.0)	(34.0, 112462.0)	(35.0, 214404.0)	(36.0, 328937.0)	(37.0, 1312.0)																
its-H06_S199_L001_R2_001	(11.0, 1.0)	(12.0, 33.0)	(13.0, 130.0)	(14.0, 203.0)	(15.0, 211.0)	(16.0, 207.0)	(17.0, 175.0)	(18.0, 199.0)	(19.0, 204.0)	(20.0, 311.0)	(21.0, 494.0)	(22.0, 937.0)	(23.0, 2105.0)	(24.0, 4054.0)	(25.0, 7079.0)	(26.0, 11037.0)	(27.0, 15919.0)	(28.0, 21394.0)	(29.0, 28303.0)	(30.0, 37433.0)	(31.0, 49646.0)	(32.0, 65485.0)	(33.0, 84159.0)	(34.0, 118716.0)	(35.0, 261616.0)	(36.0, 230001.0)	(37.0, 556.0)									
its-H07_S207_L001_R1_001	(18.0, 3.0)	(19.0, 3.0)	(20.0, 8.0)	(21.0, 32.0)	(22.0, 105.0)	(23.0, 372.0)	(24.0, 1176.0)	(25.0, 2844.0)	(26.0, 5356.0)	(27.0, 8710.0)	(28.0, 12767.0)	(29.0, 17789.0)	(30.0, 23901.0)	(31.0, 31323.0)	(32.0, 42012.0)	(33.0, 59326.0)	(34.0, 90667.0)	(35.0, 188558.0)	(36.0, 164685.0)	(37.0, 107.0)																
its-H07_S207_L001_R2_001	(12.0, 18.0)	(13.0, 111.0)	(14.0, 166.0)	(15.0, 124.0)	(16.0, 128.0)	(17.0, 118.0)	(18.0, 119.0)	(19.0, 131.0)	(20.0, 178.0)	(21.0, 289.0)	(22.0, 538.0)	(23.0, 1326.0)	(24.0, 2661.0)	(25.0, 5408.0)	(26.0, 8677.0)	(27.0, 13129.0)	(28.0, 17679.0)	(29.0, 23847.0)	(30.0, 31264.0)	(31.0, 41025.0)	(32.0, 52511.0)	(33.0, 68797.0)	(34.0, 106271.0)	(35.0, 194122.0)	(36.0, 80996.0)	(37.0, 111.0)										
its-H08_S215_L001_R1_001	(16.0, 2.0)	(17.0, 0.0)	(18.0, 1.0)	(19.0, 12.0)	(20.0, 37.0)	(21.0, 244.0)	(22.0, 686.0)	(23.0, 1692.0)	(24.0, 3645.0)	(25.0, 6618.0)	(26.0, 10483.0)	(27.0, 15268.0)	(28.0, 21162.0)	(29.0, 28859.0)	(30.0, 35222.0)	(31.0, 45660.0)	(32.0, 62169.0)	(33.0, 81673.0)	(34.0, 110799.0)	(35.0, 204592.0)	(36.0, 235184.0)	(37.0, 315.0)														
its-H08_S215_L001_R2_001	(11.0, 1.0)	(12.0, 10.0)	(13.0, 66.0)	(14.0, 186.0)	(15.0, 260.0)	(16.0, 242.0)	(17.0, 220.0)	(18.0, 213.0)	(19.0, 251.0)	(20.0, 418.0)	(21.0, 658.0)	(22.0, 1356.0)	(23.0, 2704.0)	(24.0, 4915.0)	(25.0, 8151.0)	(26.0, 11561.0)	(27.0, 15894.0)	(28.0, 20422.0)	(29.0, 26740.0)	(30.0, 35145.0)	(31.0, 47222.0)	(32.0, 58012.0)	(33.0, 75276.0)	(34.0, 107472.0)	(35.0, 218086.0)	(36.0, 228676.0)	(37.0, 166.0)									
its-H09_S223_L001_R1_001	(17.0, 1.0)	(18.0, 2.0)	(19.0, 11.0)	(20.0, 52.0)	(21.0, 207.0)	(22.0, 566.0)	(23.0, 1467.0)	(24.0, 3075.0)	(25.0, 5585.0)	(26.0, 8524.0)	(27.0, 12712.0)	(28.0, 17596.0)	(29.0, 23612.0)	(30.0, 29451.0)	(31.0, 40085.0)	(32.0, 54324.0)	(33.0, 67826.0)	(34.0, 95090.0)	(35.0, 177035.0)	(36.0, 171877.0)	(37.0, 531.0)															
its-H09_S223_L001_R2_001	(12.0, 5.0)	(13.0, 62.0)	(14.0, 123.0)	(15.0, 180.0)	(16.0, 150.0)	(17.0, 136.0)	(18.0, 139.0)	(19.0, 190.0)	(20.0, 273.0)	(21.0, 423.0)	(22.0, 818.0)	(23.0, 1579.0)	(24.0, 3143.0)	(25.0, 5193.0)	(26.0, 7591.0)	(27.0, 10990.0)	(28.0, 14963.0)	(29.0, 20050.0)	(30.0, 27297.0)	(31.0, 37457.0)	(32.0, 47724.0)	(33.0, 62633.0)	(34.0, 96051.0)	(35.0, 190199.0)	(36.0, 181962.0)	(37.0, 298.0)										
its-H10_S231_L001_R1_001	(17.0, 1.0)	(18.0, 3.0)	(19.0, 12.0)	(20.0, 57.0)	(21.0, 314.0)	(22.0, 944.0)	(23.0, 2453.0)	(24.0, 5430.0)	(25.0, 9507.0)	(26.0, 13932.0)	(27.0, 19606.0)	(28.0, 24939.0)	(29.0, 32193.0)	(30.0, 39774.0)	(31.0, 53430.0)	(32.0, 67553.0)	(33.0, 74861.0)	(34.0, 102579.0)	(35.0, 167345.0)	(36.0, 104988.0)	(37.0, 422.0)															
its-H10_S231_L001_R2_001	(12.0, 3.0)	(13.0, 49.0)	(14.0, 165.0)	(15.0, 201.0)	(16.0, 209.0)	(17.0, 153.0)	(18.0, 127.0)	(19.0, 193.0)	(20.0, 216.0)	(21.0, 380.0)	(22.0, 670.0)	(23.0, 1427.0)	(24.0, 2655.0)	(25.0, 4666.0)	(26.0, 7221.0)	(27.0, 10066.0)	(28.0, 13657.0)	(29.0, 18739.0)	(30.0, 25734.0)	(31.0, 35516.0)	(32.0, 46932.0)	(33.0, 62093.0)	(34.0, 89973.0)	(35.0, 179033.0)	(36.0, 219915.0)	(37.0, 350.0)										
its-H11_S239_L001_R1_001	(17.0, 2.0)	(18.0, 2.0)	(19.0, 17.0)	(20.0, 99.0)	(21.0, 353.0)	(22.0, 951.0)	(23.0, 2524.0)	(24.0, 5143.0)	(25.0, 8916.0)	(26.0, 13269.0)	(27.0, 18941.0)	(28.0, 25762.0)	(29.0, 34116.0)	(30.0, 41705.0)	(31.0, 53215.0)	(32.0, 70303.0)	(33.0, 87686.0)	(34.0, 105356.0)	(35.0, 175555.0)	(36.0, 265319.0)	(37.0, 2340.0)															
its-H11_S239_L001_R2_001	(12.0, 5.0)	(13.0, 77.0)	(14.0, 198.0)	(15.0, 184.0)	(16.0, 192.0)	(17.0, 157.0)	(18.0, 176.0)	(19.0, 212.0)	(20.0, 314.0)	(21.0, 628.0)	(22.0, 1171.0)	(23.0, 2215.0)	(24.0, 3933.0)	(25.0, 6679.0)	(26.0, 9618.0)	(27.0, 13351.0)	(28.0, 18393.0)	(29.0, 24914.0)	(30.0, 34554.0)	(31.0, 47020.0)	(32.0, 59478.0)	(33.0, 76926.0)	(34.0, 106940.0)	(35.0, 226395.0)	(36.0, 277033.0)	(37.0, 811.0)										
its-H12_S247_L001_R1_001	(2.0, 2.0)	(3.0, 0.0)	(4.0, 0.0)	(5.0, 0.0)	(6.0, 0.0)	(7.0, 0.0)	(8.0, 0.0)	(9.0, 0.0)	(10.0, 0.0)	(11.0, 0.0)	(12.0, 0.0)	(13.0, 0.0)	(14.0, 0.0)	(15.0, 0.0)	(16.0, 0.0)	(17.0, 1.0)	(18.0, 4.0)	(19.0, 11.0)	(20.0, 64.0)	(21.0, 283.0)	(22.0, 911.0)	(23.0, 2214.0)	(24.0, 5038.0)	(25.0, 9164.0)	(26.0, 14581.0)	(27.0, 21204.0)	(28.0, 28968.0)	(29.0, 37397.0)	(30.0, 47031.0)	(31.0, 62046.0)	(32.0, 77461.0)	(33.0, 103626.0)	(34.0, 105468.0)	(35.0, 134044.0)	(36.0, 89929.0)	(37.0, 591.0)
its-H12_S247_L001_R2_001	(2.0, 2.0)	(3.0, 0.0)	(4.0, 0.0)	(5.0, 0.0)	(6.0, 0.0)	(7.0, 0.0)	(8.0, 0.0)	(9.0, 0.0)	(10.0, 0.0)	(11.0, 0.0)	(12.0, 8.0)	(13.0, 80.0)	(14.0, 143.0)	(15.0, 149.0)	(16.0, 164.0)	(17.0, 132.0)	(18.0, 118.0)	(19.0, 148.0)	(20.0, 176.0)	(21.0, 260.0)	(22.0, 470.0)	(23.0, 915.0)	(24.0, 1704.0)	(25.0, 2975.0)	(26.0, 4714.0)	(27.0, 7505.0)	(28.0, 11094.0)	(29.0, 16865.0)	(30.0, 24510.0)	(31.0, 36339.0)	(32.0, 49470.0)	(33.0, 67237.0)	(34.0, 102177.0)	(35.0, 221798.0)	(36.0, 190456.0)	(37.0, 429.0)
