.	Basic Statistics	Per Base Sequence Quality	Per Tile Sequence Quality	Per Sequence Quality Scores	Per Base Sequence Content	Per Sequence GC Content	Per Base N Content	Sequence Length Distribution	Sequence Duplication Levels	Overrepresented Sequences	Adapter Content
its-A01_S152_L001_R1_001	1	1	0.5	1	0.25	0.25	1	0.5	0.25	0.25	1
its-A01_S152_L001_R2_001	1	1	1	1	0.25	0.25	1	0.5	0.25	0.25	1
its-A02_S160_L001_R1_001	1	1	0.5	1	0.25	0.25	1	0.5	0.25	0.25	1
its-A02_S160_L001_R2_001	1	1	1	1	0.25	0.25	1	0.5	0.25	0.25	1
its-A03_S168_L001_R1_001	1	1	0.5	1	0.25	0.25	1	0.5	0.25	0.25	1
its-A03_S168_L001_R2_001	1	1	1	1	0.25	0.25	1	0.5	0.25	0.25	1
its-A04_S176_L001_R1_001	1	1	0.5	1	0.25	0.25	1	0.5	0.25	0.25	1
its-A04_S176_L001_R2_001	1	1	1	1	0.25	0.25	1	0.5	0.25	0.25	1
its-A05_S184_L001_R1_001	1	1	0.5	1	0.25	0.25	1	0.5	0.25	0.25	1
its-A05_S184_L001_R2_001	1	1	1	1	0.25	0.25	1	0.5	0.25	0.25	1
its-A06_S192_L001_R1_001	1	1	0.5	1	0.25	0.25	1	0.5	0.25	0.25	1
its-A06_S192_L001_R2_001	1	1	1	1	0.25	0.25	1	0.5	0.25	0.25	1
its-A07_S200_L001_R1_001	1	1	0.5	1	0.25	0.25	1	0.5	0.25	0.25	1
its-A07_S200_L001_R2_001	1	1	1	1	0.25	0.25	1	0.5	0.25	0.25	1
its-A08_S208_L001_R1_001	1	1	0.5	1	0.25	0.25	1	0.5	0.25	0.25	1
its-A08_S208_L001_R2_001	1	1	1	1	0.25	0.25	1	0.5	0.25	0.25	1
its-A09_S216_L001_R1_001	1	1	0.5	1	0.25	0.25	1	0.5	0.25	0.25	1
its-A09_S216_L001_R2_001	1	1	1	1	0.25	0.25	1	0.5	0.25	0.25	1
its-A10_S224_L001_R1_001	1	1	0.5	1	0.25	0.25	1	0.5	0.25	0.25	1
its-A10_S224_L001_R2_001	1	1	1	1	0.25	0.25	1	0.5	0.25	0.25	1
its-A11_S232_L001_R1_001	1	1	0.5	1	0.25	0.25	1	0.5	0.25	0.25	1
its-A11_S232_L001_R2_001	1	1	1	1	0.25	0.25	1	0.5	0.25	0.25	1
its-A12_S240_L001_R1_001	1	1	0.5	1	0.25	0.25	1	0.5	0.25	0.25	1
its-A12_S240_L001_R2_001	1	0.5	1	1	0.25	0.25	1	0.5	0.25	0.25	1
its-B01_S153_L001_R1_001	1	1	0.5	1	0.25	0.25	1	0.5	0.25	0.25	1
its-B01_S153_L001_R2_001	1	1	1	1	0.25	0.25	1	0.5	0.25	0.25	1
its-B02_S161_L001_R1_001	1	1	0.5	1	0.25	0.25	1	0.5	0.25	0.25	1
its-B02_S161_L001_R2_001	1	1	1	1	0.25	0.25	1	0.5	0.25	0.25	1
its-B03_S169_L001_R1_001	1	1	0.5	1	0.25	0.25	1	0.5	0.25	0.25	1
its-B03_S169_L001_R2_001	1	1	1	1	0.25	0.25	1	0.5	0.25	0.25	1
its-B04_S177_L001_R1_001	1	1	0.5	1	0.25	0.25	1	0.5	0.25	0.25	1
its-B04_S177_L001_R2_001	1	1	1	1	0.25	0.25	1	0.5	0.25	0.25	1
its-B05_S185_L001_R1_001	1	1	0.5	1	0.25	0.25	1	0.5	0.25	0.25	1
its-B05_S185_L001_R2_001	1	1	1	1	0.25	0.25	1	0.5	0.25	0.25	1
its-B06_S193_L001_R1_001	1	1	0.5	1	0.25	0.25	1	0.5	0.25	0.25	1
its-B06_S193_L001_R2_001	1	1	1	1	0.25	0.25	1	0.5	0.25	0.25	1
its-B07_S201_L001_R1_001	1	1	0.5	1	0.25	0.25	1	0.5	0.25	0.25	1
its-B07_S201_L001_R2_001	1	1	1	1	0.25	0.25	1	0.5	0.25	0.25	1
its-B08_S209_L001_R1_001	1	1	0.5	1	0.25	0.25	1	0.5	0.25	0.25	1
its-B08_S209_L001_R2_001	1	1	1	1	0.25	0.25	1	0.5	0.25	0.25	1
its-B09_S217_L001_R1_001	1	1	0.5	1	0.25	0.25	1	0.5	0.25	0.25	1
its-B09_S217_L001_R2_001	1	1	1	1	0.25	0.25	1	0.5	0.25	0.25	1
its-B10_S225_L001_R1_001	1	1	0.5	1	0.25	0.25	1	0.5	0.25	0.25	1
its-B10_S225_L001_R2_001	1	1	1	1	0.25	0.25	1	0.5	0.25	0.25	1
its-B11_S233_L001_R1_001	1	1	0.5	1	0.25	0.25	1	0.5	0.25	0.25	1
its-B11_S233_L001_R2_001	1	1	1	1	0.25	0.25	1	0.5	0.25	0.25	1
its-B12_S241_L001_R1_001	1	1	0.5	1	0.25	0.25	1	0.5	0.25	0.25	1
its-B12_S241_L001_R2_001	1	0.5	1	1	0.25	0.25	1	0.5	0.25	0.25	1
its-C01_S154_L001_R1_001	1	1	0.5	1	0.25	0.25	1	0.5	0.25	0.25	1
its-C01_S154_L001_R2_001	1	1	1	1	0.25	0.25	1	0.5	0.25	0.25	1
its-C02_S162_L001_R1_001	1	1	0.5	1	0.25	0.25	1	0.5	0.25	0.25	1
its-C02_S162_L001_R2_001	1	1	1	1	0.25	0.25	1	0.5	0.25	0.25	1
its-C03_S170_L001_R1_001	1	1	0.5	1	0.25	0.25	1	0.5	0.25	0.25	1
its-C03_S170_L001_R2_001	1	1	1	1	0.25	0.25	1	0.5	0.25	0.25	1
its-C04_S178_L001_R1_001	1	1	0.5	1	0.25	0.25	1	0.5	0.25	0.25	1
its-C04_S178_L001_R2_001	1	1	1	1	0.25	0.25	1	0.5	0.25	0.25	1
its-C05_S186_L001_R1_001	1	1	0.5	1	0.25	0.25	1	0.5	0.25	0.25	1
its-C05_S186_L001_R2_001	1	1	1	1	0.25	0.25	1	0.5	0.25	0.25	1
its-C06_S194_L001_R1_001	1	1	0.5	1	0.25	0.25	1	0.5	0.25	0.25	1
its-C06_S194_L001_R2_001	1	1	1	1	0.25	0.25	1	0.5	0.25	0.25	1
its-C07_S202_L001_R1_001	1	1	0.5	1	0.25	0.25	1	0.5	0.25	0.25	1
its-C07_S202_L001_R2_001	1	1	1	1	0.25	0.25	1	0.5	0.25	0.25	1
its-C08_S210_L001_R1_001	1	1	0.5	1	0.25	0.25	1	0.5	0.25	0.25	1
its-C08_S210_L001_R2_001	1	1	1	1	0.25	0.25	1	0.5	0.25	0.25	1
its-C09_S218_L001_R1_001	1	1	0.5	1	0.25	0.25	1	0.5	0.25	0.25	1
its-C09_S218_L001_R2_001	1	1	1	1	0.25	0.25	1	0.5	0.25	0.25	1
its-C10_S226_L001_R1_001	1	1	0.5	1	0.25	0.25	1	0.5	0.25	0.25	1
its-C10_S226_L001_R2_001	1	1	1	1	0.25	0.25	1	0.5	0.25	0.25	1
its-C11_S234_L001_R1_001	1	1	0.5	1	0.25	0.25	1	0.5	0.25	0.25	1
its-C11_S234_L001_R2_001	1	1	1	1	0.25	0.25	1	0.5	0.25	0.25	1
its-C12_S242_L001_R1_001	1	1	0.5	1	0.25	0.25	1	0.5	0.25	0.25	1
its-C12_S242_L001_R2_001	1	0.5	1	1	0.25	0.25	1	0.5	0.25	0.25	1
its-D01_S155_L001_R1_001	1	1	0.5	1	0.25	0.25	1	0.5	0.25	0.25	1
its-D01_S155_L001_R2_001	1	1	1	1	0.25	0.25	1	0.5	0.25	0.25	1
its-D02_S163_L001_R1_001	1	1	0.5	1	0.25	0.25	1	0.5	0.25	0.25	1
its-D02_S163_L001_R2_001	1	1	1	1	0.25	0.25	1	0.5	0.25	0.25	1
its-D03_S171_L001_R1_001	1	1	0.5	1	0.25	0.25	1	0.5	0.25	0.25	1
its-D03_S171_L001_R2_001	1	1	1	1	0.25	0.25	1	0.5	0.25	0.25	1
its-D04_S179_L001_R1_001	1	1	0.5	1	0.25	0.25	1	0.5	0.25	0.25	1
its-D04_S179_L001_R2_001	1	1	1	1	0.25	0.25	1	0.5	0.25	0.25	1
its-D05_S187_L001_R1_001	1	1	0.5	1	0.25	0.25	1	0.5	0.25	0.25	1
its-D05_S187_L001_R2_001	1	1	1	1	0.25	0.25	1	0.5	0.25	0.25	1
its-D06_S195_L001_R1_001	1	1	0.5	1	0.25	0.25	1	0.5	0.25	0.25	1
its-D06_S195_L001_R2_001	1	1	1	1	0.25	0.25	1	0.5	0.25	0.25	1
its-D07_S203_L001_R1_001	1	1	0.5	1	0.25	0.25	1	0.5	0.25	0.25	1
its-D07_S203_L001_R2_001	1	1	1	1	0.25	0.25	1	0.5	0.25	0.25	1
its-D08_S211_L001_R1_001	1	1	0.5	1	0.25	0.25	1	0.5	0.25	0.25	1
its-D08_S211_L001_R2_001	1	1	1	1	0.25	0.25	1	0.5	0.25	0.25	1
its-D09_S219_L001_R1_001	1	1	0.5	1	0.25	0.25	1	0.5	0.25	0.25	1
its-D09_S219_L001_R2_001	1	1	1	1	0.25	0.25	1	0.5	0.25	0.25	1
its-D10_S227_L001_R1_001	1	1	0.5	1	0.25	0.25	1	0.5	0.25	0.25	1
its-D10_S227_L001_R2_001	1	1	1	1	0.25	0.25	1	0.5	0.25	0.25	1
its-D11_S235_L001_R1_001	1	1	0.5	1	0.25	0.25	1	0.5	0.25	0.25	1
its-D11_S235_L001_R2_001	1	1	1	1	0.25	0.25	1	0.5	0.25	0.25	1
its-D12_S243_L001_R1_001	1	1	0.5	1	0.25	0.25	1	0.5	0.25	0.25	1
its-D12_S243_L001_R2_001	1	0.5	0.5	1	0.25	0.25	1	0.5	0.25	0.25	1
its-E01_S156_L001_R1_001	1	1	0.5	1	0.25	0.25	1	0.5	0.25	0.25	1
its-E01_S156_L001_R2_001	1	1	1	1	0.25	0.25	1	0.5	0.25	0.25	1
its-E02_S164_L001_R1_001	1	1	0.5	1	0.25	0.25	1	0.5	0.25	0.25	1
its-E02_S164_L001_R2_001	1	1	1	1	0.25	0.25	1	0.5	0.25	0.25	1
its-E03_S172_L001_R1_001	1	1	0.5	1	0.25	0.25	1	0.5	0.25	0.25	1
its-E03_S172_L001_R2_001	1	1	1	1	0.25	0.25	1	0.5	0.25	0.25	1
its-E04_S180_L001_R1_001	1	1	0.5	1	0.25	0.25	1	0.5	0.25	0.25	1
its-E04_S180_L001_R2_001	1	1	1	1	0.25	0.25	1	0.5	0.25	0.25	1
its-E05_S188_L001_R1_001	1	1	0.5	1	0.25	0.25	1	0.5	0.25	0.25	1
its-E05_S188_L001_R2_001	1	1	1	1	0.25	0.25	1	0.5	0.25	0.25	1
its-E06_S196_L001_R1_001	1	1	0.5	1	0.25	0.25	1	0.5	0.25	0.25	1
its-E06_S196_L001_R2_001	1	1	1	1	0.25	0.25	1	0.5	0.25	0.25	1
its-E07_S204_L001_R1_001	1	1	0.5	1	0.25	0.25	1	0.5	0.25	0.25	1
its-E07_S204_L001_R2_001	1	1	1	1	0.25	0.25	1	0.5	0.25	0.25	1
its-E08_S212_L001_R1_001	1	1	0.5	1	0.25	0.25	1	0.5	0.25	0.25	1
its-E08_S212_L001_R2_001	1	1	1	1	0.25	0.25	1	0.5	0.25	0.25	1
its-E09_S220_L001_R1_001	1	1	0.5	1	0.25	0.25	1	0.5	0.25	0.25	1
its-E09_S220_L001_R2_001	1	1	1	1	0.25	0.25	1	0.5	0.25	0.25	1
its-E10_S228_L001_R1_001	1	1	0.5	1	0.25	0.25	1	0.5	0.25	0.25	1
its-E10_S228_L001_R2_001	1	1	1	1	0.25	0.25	1	0.5	0.25	0.25	1
its-E11_S236_L001_R1_001	1	1	0.5	1	0.25	0.25	1	0.5	0.25	0.25	1
its-E11_S236_L001_R2_001	1	0.5	1	1	0.25	0.25	1	0.5	0.25	0.25	1
its-E12_S244_L001_R1_001	1	1	0.5	1	0.25	0.25	1	0.5	0.25	0.25	1
its-E12_S244_L001_R2_001	1	0.5	1	1	0.25	0.25	1	0.5	0.25	0.25	1
its-F01_S157_L001_R1_001	1	1	0.5	1	0.25	0.25	1	0.5	0.25	0.25	1
its-F01_S157_L001_R2_001	1	1	1	1	0.25	0.25	1	0.5	0.25	0.25	1
its-F02_S165_L001_R1_001	1	1	0.5	1	0.25	0.25	1	0.5	0.25	0.25	1
its-F02_S165_L001_R2_001	1	1	1	1	0.25	0.25	1	0.5	0.25	0.25	1
its-F03_S173_L001_R1_001	1	1	0.5	1	0.25	0.25	1	0.5	0.25	0.25	1
its-F03_S173_L001_R2_001	1	1	1	1	0.25	0.25	1	0.5	0.25	0.25	1
its-F04_S181_L001_R1_001	1	1	0.5	1	0.25	0.25	1	0.5	0.25	0.25	1
its-F04_S181_L001_R2_001	1	1	1	1	0.25	0.25	1	0.5	0.25	0.25	1
its-F05_S189_L001_R1_001	1	1	0.5	1	0.25	0.25	1	0.5	0.25	0.25	1
its-F05_S189_L001_R2_001	1	1	1	1	0.25	0.25	1	0.5	0.25	0.25	1
its-F06_S197_L001_R1_001	1	1	0.5	1	0.25	0.25	1	0.5	0.25	0.25	1
its-F06_S197_L001_R2_001	1	1	1	1	0.25	0.25	1	0.5	0.25	0.25	1
its-F07_S205_L001_R1_001	1	1	0.5	1	0.25	0.25	1	0.5	0.25	0.25	1
its-F07_S205_L001_R2_001	1	1	1	1	0.25	0.25	1	0.5	0.25	0.25	1
its-F08_S213_L001_R1_001	1	1	0.5	1	0.25	0.25	1	0.5	0.25	0.25	1
its-F08_S213_L001_R2_001	1	1	1	1	0.25	0.25	1	0.5	0.25	0.25	1
its-F09_S221_L001_R1_001	1	1	0.5	1	0.25	0.25	1	0.5	0.25	0.25	1
its-F09_S221_L001_R2_001	1	1	1	1	0.25	0.25	1	0.5	0.25	0.25	1
its-F10_S229_L001_R1_001	1	1	0.5	1	0.25	0.25	1	0.5	0.25	0.25	1
its-F10_S229_L001_R2_001	1	1	1	1	0.25	0.25	1	0.5	0.25	0.25	1
its-F11_S237_L001_R1_001	1	1	0.5	1	0.25	0.25	1	0.5	0.25	0.25	1
its-F11_S237_L001_R2_001	1	1	1	1	0.25	0.25	1	0.5	0.25	0.25	1
its-F12_S245_L001_R1_001	1	1	0.5	1	0.25	0.25	1	0.5	0.25	0.25	1
its-F12_S245_L001_R2_001	1	0.5	1	1	0.25	0.25	1	0.5	0.25	0.25	1
its-G01_S158_L001_R1_001	1	1	0.5	1	0.25	0.25	1	0.5	0.25	0.25	1
its-G01_S158_L001_R2_001	1	1	1	1	0.25	0.25	1	0.5	0.25	0.25	1
its-G02_S166_L001_R1_001	1	1	0.5	1	0.25	0.25	1	0.5	0.25	0.25	1
its-G02_S166_L001_R2_001	1	1	1	1	0.25	0.25	1	0.5	0.25	0.25	1
its-G03_S174_L001_R1_001	1	1	0.5	1	0.25	0.25	1	0.5	0.25	0.25	1
its-G03_S174_L001_R2_001	1	1	1	1	0.25	0.25	1	0.5	0.25	0.25	1
its-G04_S182_L001_R1_001	1	1	0.5	1	0.25	0.25	1	0.5	0.25	0.25	1
its-G04_S182_L001_R2_001	1	1	0.5	1	0.25	0.25	1	0.5	0.25	0.25	1
its-G05_S190_L001_R1_001	1	1	0.5	1	0.25	0.25	1	0.5	0.25	0.25	1
its-G05_S190_L001_R2_001	1	1	1	1	0.25	0.25	1	0.5	0.25	0.25	1
its-G06_S198_L001_R1_001	1	1	0.5	1	0.25	0.25	1	0.5	0.25	0.25	1
its-G06_S198_L001_R2_001	1	1	1	1	0.25	0.25	1	0.5	0.25	0.25	1
its-G07_S206_L001_R1_001	1	1	0.5	1	0.25	0.25	1	0.5	0.25	0.25	1
its-G07_S206_L001_R2_001	1	1	1	1	0.25	0.25	1	0.5	0.25	0.25	1
its-G08_S214_L001_R1_001	1	1	0.5	1	0.25	0.25	1	0.5	0.25	0.25	1
its-G08_S214_L001_R2_001	1	1	1	1	0.25	0.25	1	0.5	0.25	0.25	1
its-G09_S222_L001_R1_001	1	1	0.5	1	0.25	0.25	1	0.5	0.25	0.25	1
its-G09_S222_L001_R2_001	1	1	1	1	0.25	0.25	1	0.5	0.25	0.25	1
its-G10_S230_L001_R1_001	1	1	0.5	1	0.25	0.25	1	0.5	0.25	0.25	1
its-G10_S230_L001_R2_001	1	1	1	1	0.25	0.25	1	0.5	0.25	0.25	1
its-G11_S238_L001_R1_001	1	1	0.5	1	0.25	0.25	1	0.5	0.25	0.25	1
its-G11_S238_L001_R2_001	1	1	1	1	0.25	0.25	1	0.5	0.25	0.25	1
its-G12_S246_L001_R1_001	1	1	0.5	1	0.25	0.25	1	0.5	0.25	0.25	1
its-G12_S246_L001_R2_001	1	0.5	1	1	0.25	0.25	1	0.5	0.25	0.25	1
its-H01_S159_L001_R1_001	1	1	0.5	1	0.25	0.25	1	0.5	0.25	0.25	1
its-H01_S159_L001_R2_001	1	1	1	1	0.25	0.25	1	0.5	0.25	0.25	1
its-H02_S167_L001_R1_001	1	1	0.5	1	0.25	0.25	1	0.5	0.25	0.25	1
its-H02_S167_L001_R2_001	1	1	1	1	0.25	0.25	1	0.5	0.25	0.25	1
its-H03_S175_L001_R1_001	1	1	0.5	1	0.25	0.25	1	0.5	0.25	0.25	1
its-H03_S175_L001_R2_001	1	1	1	1	0.25	0.25	1	0.5	0.25	0.25	1
its-H04_S183_L001_R1_001	1	1	0.5	1	0.25	0.25	1	0.5	0.25	0.25	1
its-H04_S183_L001_R2_001	1	1	1	1	0.25	0.25	1	0.5	0.25	0.25	1
its-H05_S191_L001_R1_001	1	1	0.5	1	0.25	0.25	1	0.5	0.25	0.25	1
its-H05_S191_L001_R2_001	1	1	1	1	0.25	0.25	1	0.5	0.25	0.25	1
its-H06_S199_L001_R1_001	1	1	0.5	1	0.25	0.25	1	0.5	0.25	0.25	1
its-H06_S199_L001_R2_001	1	1	1	1	0.25	0.25	1	0.5	0.25	0.25	1
its-H07_S207_L001_R1_001	1	1	0.5	1	0.25	0.25	1	0.5	0.25	0.25	1
its-H07_S207_L001_R2_001	1	1	1	1	0.25	0.25	1	0.5	0.25	0.25	1
its-H08_S215_L001_R1_001	1	1	0.5	1	0.25	0.25	1	0.5	0.25	0.25	1
its-H08_S215_L001_R2_001	1	1	1	1	0.25	0.25	1	0.5	0.25	0.25	1
its-H09_S223_L001_R1_001	1	1	0.5	1	0.25	0.25	1	0.5	0.25	0.25	1
its-H09_S223_L001_R2_001	1	1	1	1	0.25	0.25	1	0.5	0.25	0.25	1
its-H10_S231_L001_R1_001	1	0.5	0.5	1	0.25	0.25	1	0.5	0.25	0.25	1
its-H10_S231_L001_R2_001	1	1	1	1	0.25	0.25	1	0.5	0.25	0.25	1
its-H11_S239_L001_R1_001	1	1	0.5	1	0.25	0.25	1	0.5	0.25	0.25	1
its-H11_S239_L001_R2_001	1	1	1	1	0.25	0.25	1	0.5	0.25	0.25	1
its-H12_S247_L001_R1_001	1	1	0.5	1	0.25	0.25	1	0.5	0.25	0.25	1
its-H12_S247_L001_R2_001	1	0.5	1	1	0.25	0.25	1	0.5	0.25	0.25	1
