Sample	0	1	2	3	4	5	6	7	8	9	10	11	12	13	14	15
its-A01_S152_L001_R1_001	(1.0, 2.5482688060941268)	(2.0, 0.6620879677465102)	(3.0, 0.3999270649729532)	(4.0, 0.3149712649499922)	(5.0, 0.264727135206683)	(6.0, 0.24716870276950503)	(7.0, 0.22312715681706138)	(8.0, 0.19233236761954928)	(9.0, 0.17747523248039873)	('>10', 3.0313958278463233)	('>50', 1.5516251679869257)	('>100', 4.292496471430404)	('>500', 2.2454533789852578)	('>1k', 5.446085482552996)	('>5k', 7.485429877698765)	('>10k+', 70.91742809484255)
its-A01_S152_L001_R2_001	(1.0, 3.448341065796849)	(2.0, 0.5745659352904232)	(3.0, 0.395064729836504)	(4.0, 0.29228036764656223)	(5.0, 0.2613505135841488)	(6.0, 0.23339208654956545)	(7.0, 0.19287262707915476)	(8.0, 0.1880102919427055)	(9.0, 0.15681030815048927)	('>10', 2.826772557520749)	('>50', 1.3048616598121248)	('>100', 3.4637384603956054)	('>500', 2.570689573667754)	('>1k', 5.258480385204995)	('>5k', 6.41233952605739)	('>10k+', 72.42042991146498)
its-A02_S160_L001_R1_001	(1.0, 2.87688457817057)	(2.0, 0.6771575944204202)	(3.0, 0.42650162388077834)	(4.0, 0.3119396990195984)	(5.0, 0.2587995290538703)	(6.0, 0.23022806104632307)	(7.0, 0.19710172132742765)	(8.0, 0.1711527552142929)	(9.0, 0.18509342317932806)	('>10', 3.6724688370860417)	('>50', 1.9377528471398855)	('>100', 3.930026128400453)	('>500', 2.9809564954541)	('>1k', 6.746179083753049)	('>5k', 6.398214490289152)	('>10k+', 68.99954313256471)
its-A02_S160_L001_R2_001	(1.0, 3.3982103494966864)	(2.0, 0.5556943487844703)	(3.0, 0.3399590613651641)	(4.0, 0.25120807620162344)	(5.0, 0.21877186856020503)	(6.0, 0.19792987982040003)	(7.0, 0.155555770263313)	(8.0, 0.1601106419746611)	(9.0, 0.15652195517178077)	('>10', 3.387168236257055)	('>50', 1.3040735736005158)	('>100', 2.7762633212744254)	('>500', 1.7474144201717323)	('>1k', 10.039351331057738)	('>5k', 2.043067002162874)	('>10k+', 73.26870016383735)
its-A03_S168_L001_R1_001	(1.0, 3.173864761847595)	(2.0, 0.7683303820642876)	(3.0, 0.4917114359174445)	(4.0, 0.3474827509162273)	(5.0, 0.2951269045689646)	(6.0, 0.28212131216423064)	(7.0, 0.26261292355712956)	(8.0, 0.17874352638301136)	(9.0, 0.1755754974639095)	('>10', 4.104598310606894)	('>50', 1.9908560681092868)	('>100', 3.8778341353448647)	('>500', 1.2390327840971618)	('>1k', 9.198288597430228)	('>5k', 8.600364823540788)	('>10k+', 65.01345578598797)
its-A03_S168_L001_R2_001	(1.0, 4.3610419146899835)	(2.0, 0.7169749659020046)	(3.0, 0.4752043378652821)	(4.0, 0.3801634702922257)	(5.0, 0.2967942882105972)	(6.0, 0.2721170103144352)	(7.0, 0.2579442493605584)	(8.0, 0.2227624545221112)	(9.0, 0.1905819502386026)	('>10', 3.613053613053613)	('>50', 1.3997685671505415)	('>100', 2.5149147466744033)	('>500', 2.0493812339305904)	('>1k', 13.539488646784784)	('>5k', 7.134234387453271)	('>10k+', 62.57557416355699)
its-A04_S176_L001_R1_001	(1.0, 3.0646487664046975)	(2.0, 0.6353920124856562)	(3.0, 0.3966797041701496)	(4.0, 0.29263256865011034)	(5.0, 0.26282739962093243)	(6.0, 0.19427551085382327)	(7.0, 0.1716506779998564)	(8.0, 0.15823835193672633)	(9.0, 0.1304653535231742)	('>10', 3.0212957932713476)	('>50', 2.0627886529011943)	('>100', 4.178142785726576)	('>500', 1.575203183192052)	('>1k', 4.661663914204466)	('>5k', 0.0)	('>10k+', 79.19409532505924)
its-A04_S176_L001_R2_001	(1.0, 1.9069889057032192)	(2.0, 0.3229796498434551)	(3.0, 0.2296352795657116)	(4.0, 0.19237881827923922)	(5.0, 0.15986408842922695)	(6.0, 0.172328068205065)	(7.0, 0.16027052255235208)	(8.0, 0.138729514026719)	(9.0, 0.1304653535231742)	('>10', 2.71863784958415)	('>50', 1.1335447693960525)	('>100', 1.1785234790219028)	('>500', 0.9365596977213949)	('>1k', 3.9131477374489756)	('>5k', 3.964358436962745)	('>10k+', 82.74158782973662)
its-A05_S184_L001_R1_001	(1.0, 2.3844418818485233)	(2.0, 0.5430558448353815)	(3.0, 0.3360443791942047)	(4.0, 0.23622167244944092)	(5.0, 0.20320143866618573)	(6.0, 0.16535517071460865)	(7.0, 0.14224100706633003)	(8.0, 0.11785683442638775)	(9.0, 0.14287601156216187)	('>10', 2.6318396334246046)	('>50', 1.8407510325173102)	('>100', 4.790600917454495)	('>500', 0.93942565113361)	('>1k', 3.668547973319651)	('>5k', 1.0506784388033468)	('>10k+', 80.80686211258376)
its-A05_S184_L001_R2_001	(1.0, 1.8145888472890388)	(2.0, 0.31115220295759694)	(3.0, 0.21298050790199596)	(4.0, 0.17780125883291253)	(5.0, 0.1562111059746303)	(6.0, 0.1310649279396898)	(7.0, 0.14046299447800092)	(8.0, 0.12496888477970423)	(9.0, 0.1108717849722376)	('>10', 2.4680084734999923)	('>50', 1.082047660897439)	('>100', 1.686317939131009)	('>500', 0.949458722167753)	('>1k', 2.7691276054234466)	('>5k', 1.4229180742599659)	('>10k+', 86.44201900949459)
its-A06_S192_L001_R1_001	(1.0, 2.190232945149281)	(2.0, 0.47216265540574165)	(3.0, 0.30864161812919433)	(4.0, 0.23052647293339149)	(5.0, 0.1926840248163137)	(6.0, 0.16386821569963975)	(7.0, 0.1360939418522432)	(8.0, 0.15461012441717423)	(9.0, 0.12290116177472982)	('>10', 2.4315219491985385)	('>50', 1.876267924532669)	('>100', 4.167645516942885)	('>500', 1.0175799580839917)	('>1k', 2.47700232262365)	('>5k', 1.7554498332964938)	('>10k+', 82.30281133514407)
its-A06_S192_L001_R2_001	(1.0, 2.0340026547576753)	(2.0, 0.31153477165496485)	(3.0, 0.19233684639322124)	(4.0, 0.137482655544613)	(5.0, 0.10357489622258302)	(6.0, 0.08748896261929918)	(7.0, 0.10288053937639811)	(8.0, 0.08054539415745005)	(9.0, 0.07186593358013861)	('>10', 2.249716181639122)	('>50', 1.407461327216821)	('>100', 2.3414870114765614)	('>500', 0.4823465558164537)	('>1k', 1.6803435677674923)	('>5k', 0.0)	('>10k+', 88.71693270177721)
its-A07_S200_L001_R1_001	(1.0, 1.4578607581915044)	(2.0, 0.36036073481169906)	(3.0, 0.2319276701556264)	(4.0, 0.1641781894470832)	(5.0, 0.15586536972824352)	(6.0, 0.12593921874042077)	(7.0, 0.11856159123995058)	(8.0, 0.1105605022605674)	(9.0, 0.09351922183694612)	('>10', 2.11727518238846)	('>50', 1.2683284686019602)	('>100', 3.837613223202327)	('>500', 1.289630069131487)	('>1k', 2.227523953909571)	('>5k', 1.1574562356019364)	('>10k+', 85.28339961075221)
its-A07_S200_L001_R2_001	(1.0, 1.7712540615917594)	(2.0, 0.26330856459424606)	(3.0, 0.16209998451737329)	(4.0, 0.1159638350778132)	(5.0, 0.10494934895035064)	(6.0, 0.09102537592129423)	(7.0, 0.08728460704781638)	(8.0, 0.08728460704781638)	(9.0, 0.08042653077977366)	('>10', 2.1309913349245457)	('>50', 1.2169968068381256)	('>100', 2.3308107389161536)	('>500', 0.4792340567911061)	('>1k', 0.4193817548154606)	('>5k', 0.0)	('>10k+', 90.65898839218637)
its-A08_S208_L001_R1_001	(1.0, 2.284974862372295)	(2.0, 0.493717206528684)	(3.0, 0.31881869284335934)	(4.0, 0.2379308193554355)	(5.0, 0.18016913310142607)	(6.0, 0.15940934642167967)	(7.0, 0.14230672423473834)	(8.0, 0.1273553752788588)	(9.0, 0.0909988576739143)	('>10', 2.2274283034413918)	('>50', 1.4755583091852913)	('>100', 4.779376173788457)	('>500', 1.5477335260874148)	('>1k', 3.133544588364624)	('>5k', 2.7094210708607886)	('>10k+', 80.09125701046165)
its-A08_S208_L001_R2_001	(1.0, 1.3539038079687462)	(2.0, 0.21878448759898544)	(3.0, 0.14424287014269394)	(4.0, 0.11832002770839922)	(5.0, 0.10595020662979385)	(6.0, 0.10067958721369243)	(7.0, 0.08357696502675108)	(8.0, 0.08691143853489688)	(9.0, 0.08906271176595867)	('>10', 1.9600250408204096)	('>50', 1.0436902080496342)	('>100', 2.1169604230263683)	('>500', 0.40045951196215473)	('>1k', 1.5099786808822802)	('>5k', 2.0237027284598392)	('>10k+', 88.64375130420939)
its-A09_S216_L001_R1_001	(1.0, 2.3230812709205835)	(2.0, 0.5285798074560712)	(3.0, 0.3387057605541993)	(4.0, 0.27096460844335946)	(5.0, 0.21089226600544486)	(6.0, 0.18745979200483986)	(7.0, 0.1769506824530534)	(8.0, 0.16473739297395018)	(9.0, 0.10991960531192882)	('>10', 2.412976762086541)	('>50', 1.2392228371471459)	('>100', 4.089747795572256)	('>500', 0.5315621223288756)	('>1k', 5.3541072866473245)	('>5k', 1.7317308361416799)	('>10k+', 80.32936117395275)
its-A09_S216_L001_R2_001	(1.0, 2.5297130871077367)	(2.0, 0.39877810299211397)	(3.0, 0.2556269890975089)	(4.0, 0.17666665246516727)	(5.0, 0.15195604351907474)	(6.0, 0.16019291316777226)	(7.0, 0.12028669986977225)	(8.0, 0.11588423505753738)	(9.0, 0.12781349454875446)	('>10', 2.5510153361991956)	('>50', 1.3783975312113455)	('>100', 2.1067924351453025)	('>500', 1.449973088158648)	('>1k', 3.4133303794214593)	('>5k', 6.839584123291736)	('>10k+', 78.22398888874687)
its-A10_S224_L001_R1_001	(1.0, 1.9482676369958978)	(2.0, 0.4680325818476079)	(3.0, 0.27680081140227975)	(4.0, 0.22034711505208637)	(5.0, 0.17428199236439837)	(6.0, 0.14844724996685224)	(7.0, 0.1263031850546699)	(8.0, 0.15200123569349883)	(9.0, 0.09718784044791155)	('>10', 1.9109507868661093)	('>50', 1.3599463074771758)	('>100', 3.823131799560673)	('>500', 1.5180986723129475)	('>1k', 3.5135249660662713)	('>5k', 4.593936626966824)	('>10k+', 79.6687411919248)
its-A10_S224_L001_R2_001	(1.0, 2.649222975697572)	(2.0, 0.4139026453956064)	(3.0, 0.23907388599633939)	(4.0, 0.17113808191390334)	(5.0, 0.12917371198773053)	(6.0, 0.10579942124709359)	(7.0, 0.0947273887910024)	(8.0, 0.08857625964872952)	(9.0, 0.07996467884954749)	('>10', 2.4311996205436777)	('>50', 1.5668976301749789)	('>100', 2.919189199163993)	('>500', 1.1792398024530704)	('>1k', 3.983471232535919)	('>5k', 2.806145114704889)	('>10k+', 81.14227835089595)
its-A11_S232_L001_R1_001	(1.0, 3.2373594943683437)	(2.0, 0.703485534192895)	(3.0, 0.4077564024156738)	(4.0, 0.30087324114327263)	(5.0, 0.2274839475209394)	(6.0, 0.2249690496086476)	(7.0, 0.18164421739234807)	(8.0, 0.17375658303106928)	(9.0, 0.14300624037622872)	('>10', 3.2156399214894598)	('>50', 1.9217249456153325)	('>100', 5.691213975516326)	('>500', 2.098453680724565)	('>1k', 4.735209828221041)	('>5k', 4.400957032969168)	('>10k+', 72.3364659054147)
its-A11_S232_L001_R2_001	(1.0, 2.1613261285318597)	(2.0, 0.39461034514687576)	(3.0, 0.25446194330734223)	(4.0, 0.2071361371396694)	(5.0, 0.19147518195857963)	(6.0, 0.15775268722557606)	(7.0, 0.14723584141053764)	(8.0, 0.15272289140099246)	(9.0, 0.12757391227807455)	('>10', 2.876243016871536)	('>50', 1.2660224717559816)	('>100', 2.920825298043981)	('>500', 1.1872604416846615)	('>1k', 6.1776180944618515)	('>5k', 3.708674225840119)	('>10k+', 78.06906138294237)
its-A12_S240_L001_R1_001	(1.0, 3.569087203513267)	(2.0, 0.6871278057718736)	(3.0, 0.4048705154967207)	(4.0, 0.29295508844884666)	(5.0, 0.22629957675121581)	(6.0, 0.17692512364185967)	(7.0, 0.17761087993504518)	(8.0, 0.15141498953535898)	(9.0, 0.1604669726054076)	('>10', 2.8842909691382235)	('>50', 1.6602159858021017)	('>100', 6.113243051231481)	('>500', 1.4440656021900313)	('>1k', 2.8249044741483593)	('>5k', 0.8935404500207099)	('>10k+', 78.3329813117695)
its-A12_S240_L001_R2_001	(1.0, 1.4239043671703775)	(2.0, 0.2375459799594581)	(3.0, 0.1361911998266408)	(4.0, 0.1042349565641964)	(5.0, 0.08914831811411533)	(6.0, 0.08805110804501853)	(7.0, 0.08352511650999421)	(8.0, 0.08448517532045392)	(9.0, 0.0814678476304377)	('>10', 2.6673176779743306)	('>50', 1.129714917393797)	('>100', 1.8604568234122685)	('>500', 1.2133771851624282)	('>1k', 1.32350964584802)	('>5k', 2.189756995399947)	('>10k+', 87.28731268566851)
its-B01_S153_L001_R1_001	(1.0, 2.9829087762260293)	(2.0, 0.6787236588936045)	(3.0, 0.408407979893761)	(4.0, 0.31899321506494943)	(5.0, 0.27158152509137107)	(6.0, 0.23268552700625098)	(7.0, 0.2094399896891082)	(8.0, 0.18964675989431334)	(9.0, 0.20506706682746748)	('>10', 3.045510619297939)	('>50', 1.5313285399961334)	('>100', 4.242080406543733)	('>500', 2.284161733702807)	('>1k', 6.720491976837319)	('>5k', 2.66679248409637)	('>10k+', 74.01217974093885)
its-B01_S153_L001_R2_001	(1.0, 3.1359610763834547)	(2.0, 0.532345819946052)	(3.0, 0.33832613719009785)	(4.0, 0.2807876784842989)	(5.0, 0.21807075849497806)	(6.0, 0.19540060576489324)	(7.0, 0.16674645332940538)	(8.0, 0.1592664536976515)	(9.0, 0.14706830045202213)	('>10', 2.6212220248013773)	('>50', 1.1806891726429947)	('>100', 3.3126041446102574)	('>500', 2.2219051213831325)	('>1k', 5.087090211097097)	('>5k', 6.295167690084052)	('>10k+', 74.10734835163824)
its-B02_S161_L001_R1_001	(1.0, 3.75632051669898)	(2.0, 0.8932549859991148)	(3.0, 0.5713612973507851)	(4.0, 0.41965399408967424)	(5.0, 0.3688365182428777)	(6.0, 0.2789745301618857)	(7.0, 0.22636875604482073)	(8.0, 0.2169801901259111)	(9.0, 0.17838275245928267)	('>10', 3.867642084023194)	('>50', 2.4308934487183116)	('>100', 5.527331903688216)	('>500', 2.295727904457184)	('>1k', 7.940491394559698)	('>5k', 6.134459166444371)	('>10k+', 64.89332055693569)
its-B02_S161_L001_R2_001	(1.0, 2.0300165864664566)	(2.0, 0.4378350265040706)	(3.0, 0.29417506545916794)	(4.0, 0.23247877513490478)	(5.0, 0.18702619409891375)	(6.0, 0.20028940627007177)	(7.0, 0.18672814438720234)	(8.0, 0.16571563971154749)	(9.0, 0.15021705470255384)	('>10', 2.8070321848981195)	('>50', 1.172527565872712)	('>100', 2.803604613213438)	('>500', 1.4979978510615786)	('>1k', 11.353458643367127)	('>5k', 2.2551931436644317)	('>10k+', 74.2257041051877)
its-B03_S169_L001_R1_001	(1.0, 3.446813764511318)	(2.0, 0.7736120632795823)	(3.0, 0.5185572671122274)	(4.0, 0.37624643816789427)	(5.0, 0.2745494302693184)	(6.0, 0.2719501457223899)	(7.0, 0.23426051979192727)	(8.0, 0.22613775558277585)	(9.0, 0.14913395088002027)	('>10', 4.564506119690556)	('>50', 1.9964129873252388)	('>100', 3.613330430798923)	('>500', 1.5676934923662262)	('>1k', 7.782420388787986)	('>5k', 8.423468940174217)	('>10k+', 65.7809063055394)
its-B03_S169_L001_R2_001	(1.0, 3.354539163095358)	(2.0, 0.6511207790055787)	(3.0, 0.42693248683299917)	(4.0, 0.36844858452710894)	(5.0, 0.2729248774274881)	(6.0, 0.2641522920816045)	(7.0, 0.18763585323139806)	(8.0, 0.2183399019419905)	(9.0, 0.18568638982120172)	('>10', 3.2543042527544292)	('>50', 1.3300214116064553)	('>100', 2.5471364007057056)	('>500', 2.146034304057808)	('>1k', 10.345152496775263)	('>5k', 9.876469001907225)	('>10k+', 64.57110180422838)
its-B04_S177_L001_R1_001	(1.0, 2.9070147685792653)	(2.0, 0.5790116946873173)	(3.0, 0.3586888542803537)	(4.0, 0.2673304965234773)	(5.0, 0.2391259028535691)	(6.0, 0.1851692888763535)	(7.0, 0.15594278963869507)	(8.0, 0.1512420240270437)	(9.0, 0.12324181147068561)	('>10', 2.636925127022862)	('>50', 1.6303481427888213)	('>100', 4.348821334118156)	('>500', 0.9156273887042645)	('>1k', 4.096001896656734)	('>5k', 2.05883314734652)	('>10k+', 79.34667533242589)
its-B04_S177_L001_R2_001	(1.0, 2.518895033947703)	(2.0, 0.36809038550365636)	(3.0, 0.21613302757918745)	(4.0, 0.18189919105955257)	(5.0, 0.14970916567541825)	(6.0, 0.145314971734092)	(7.0, 0.13805944220306487)	(8.0, 0.11772352140483403)	(9.0, 0.11680380639385876)	('>10', 2.7832620043247043)	('>50', 1.3299079058702343)	('>100', 1.740816134662628)	('>500', 0.37105391165013224)	('>1k', 3.941285393699339)	('>5k', 3.226155877387683)	('>10k+', 82.65489022690392)
its-B05_S185_L001_R1_001	(1.0, 2.240803542339247)	(2.0, 0.5364600302105855)	(3.0, 0.33042827947753456)	(4.0, 0.2561976127713769)	(5.0, 0.22491336670319584)	(6.0, 0.18548410982436395)	(7.0, 0.16327044397713475)	(8.0, 0.12143470663151971)	(9.0, 0.14161211977608623)	('>10', 3.4031336077955157)	('>50', 2.166387761751029)	('>100', 3.3324201048485027)	('>500', 1.1365992358498949)	('>1k', 4.2711326007759975)	('>5k', 3.0242054912181975)	('>10k+', 78.46551698604982)
its-B05_S185_L001_R2_001	(1.0, 2.654347954861831)	(2.0, 0.4561206053964399)	(3.0, 0.29710778070669075)	(4.0, 0.2384266800935936)	(5.0, 0.20640197849717146)	(6.0, 0.21436187542576193)	(7.0, 0.20732754790747268)	(8.0, 0.18067114889079763)	(9.0, 0.18159671830109886)	('>10', 3.286141634333442)	('>50', 1.1545552824097385)	('>100', 1.215087521843438)	('>500', 1.5993839410005035)	('>1k', 4.036408198323609)	('>5k', 5.976957023961141)	('>10k+', 78.09510410804728)
its-B06_S193_L001_R1_001	(1.0, 1.7739516673726146)	(2.0, 0.41189197852392023)	(3.0, 0.260666491133676)	(4.0, 0.19781804860737467)	(5.0, 0.16542076402642153)	(6.0, 0.14149485421221938)	(7.0, 0.11779790047279429)	(8.0, 0.11081474019209415)	(9.0, 0.0978787219671906)	('>10', 2.423614529552505)	('>50', 1.8290156033564962)	('>100', 3.3105903632388127)	('>500', 1.2812381944523943)	('>1k', 2.3674058131947384)	('>5k', 2.02843634448731)	('>10k+', 83.48196398520943)
its-B06_S193_L001_R2_001	(1.0, 1.9072041028928601)	(2.0, 0.28962943459297336)	(3.0, 0.1679392808489691)	(4.0, 0.11539386168763523)	(5.0, 0.10016828271496114)	(6.0, 0.08791913271438875)	(7.0, 0.06971712476961295)	(8.0, 0.08608748411617231)	(9.0, 0.08551509392922968)	('>10', 2.150927844493034)	('>50', 1.3731640584753815)	('>100', 1.99500875756986)	('>500', 1.1872517257564135)	('>1k', 0.8637367920964364)	('>5k', 0.0)	('>10k+', 89.52033702334207)
its-B07_S201_L001_R1_001	(1.0, 3.827093751407848)	(2.0, 0.772626931567329)	(3.0, 0.4696580619002568)	(4.0, 0.3435148893994684)	(5.0, 0.26115578681803847)	(6.0, 0.1934383024733072)	(7.0, 0.20498265531378115)	(8.0, 0.17457314051448394)	(9.0, 0.15584876334639816)	('>10', 2.8399107987565886)	('>50', 1.6164909672478263)	('>100', 6.156659683741046)	('>500', 2.2053937469027347)	('>1k', 1.5615848988602063)	('>5k', 3.443314411857458)	('>10k+', 75.77375320989323)
its-B07_S201_L001_R2_001	(1.0, 1.3364700184709646)	(2.0, 0.21033247736180566)	(3.0, 0.14824638464657386)	(4.0, 0.12895886831553813)	(5.0, 0.12107492003423886)	(6.0, 0.11656980673063928)	(7.0, 0.1172737306843267)	(8.0, 0.08784970942019192)	(9.0, 0.10136504933099066)	('>10', 1.9756329684191558)	('>50', 1.0432152993647792)	('>100', 1.8294983556336444)	('>500', 0.4134849303959995)	('>1k', 0.3925079965761139)	('>5k', 2.1576677028427267)	('>10k+', 89.81985178177231)
its-B08_S209_L001_R1_001	(1.0, 2.132310474152742)	(2.0, 0.48787263648614726)	(3.0, 0.28585144984927613)	(4.0, 0.2124999695384218)	(5.0, 0.1718033010603066)	(6.0, 0.16961006742974952)	(7.0, 0.13902664291475875)	(8.0, 0.11307337828649966)	(9.0, 0.10856506471257674)	('>10', 2.1972545588797936)	('>50', 1.5275872236830241)	('>100', 4.619315564891691)	('>500', 1.3523722258640731)	('>1k', 2.3226344147599747)	('>5k', 3.5202618233569636)	('>10k+', 80.639961204134)
its-B08_S209_L001_R2_001	(1.0, 1.8743618299366642)	(2.0, 0.3080274787804646)	(3.0, 0.18021069664410885)	(4.0, 0.12866970632601687)	(5.0, 0.13707710190981912)	(6.0, 0.09577120186766028)	(7.0, 0.09723335762136502)	(8.0, 0.09260319773463335)	(9.0, 0.08334287796117001)	('>10', 2.2243044403233316)	('>50', 1.302780776550921)	('>100', 2.2283253686460194)	('>500', 0.7759173199659806)	('>1k', 1.3500571459207074)	('>5k', 3.4621411321471998)	('>10k+', 85.65917636766393)
its-B09_S217_L001_R1_001	(1.0, 2.318539744139347)	(2.0, 0.5824176650647173)	(3.0, 0.364612711807044)	(4.0, 0.27917540970044297)	(5.0, 0.2241225002444289)	(6.0, 0.19223392973985243)	(7.0, 0.18952640960267142)	(8.0, 0.15523115453171182)	(9.0, 0.15297488775072765)	('>10', 2.4521107375736104)	('>50', 1.3138993554597895)	('>100', 4.437775922625091)	('>500', 1.7449967284131678)	('>1k', 4.226438934139573)	('>5k', 1.6902446545279515)	('>10k+', 79.67569925467987)
its-B09_S217_L001_R2_001	(1.0, 1.7570301512450832)	(2.0, 0.33152079901927606)	(3.0, 0.2152478509058911)	(4.0, 0.16124786594766966)	(5.0, 0.13612809578604576)	(6.0, 0.12183840617314592)	(7.0, 0.11792754375277333)	(8.0, 0.11552085918639021)	(9.0, 0.0934094447327452)	('>10', 2.579665019591917)	('>50', 1.23823920940412)	('>100', 1.8924061581041343)	('>500', 0.9512420748629317)	('>1k', 4.465904048494694)	('>5k', 5.125786873039869)	('>10k+', 80.69688559975332)
its-B10_S225_L001_R1_001	(1.0, 1.8290372698446602)	(2.0, 0.43380197168844575)	(3.0, 0.2875908733761033)	(4.0, 0.19782997302087388)	(5.0, 0.16146790857102172)	(6.0, 0.15561946463852802)	(7.0, 0.12014738078709884)	(8.0, 0.11188327523031427)	(9.0, 0.1132818161706932)	('>10', 1.8831989462629717)	('>50', 1.095820396829635)	('>100', 3.6411649083192845)	('>500', 1.5732314178408053)	('>1k', 4.206048308146883)	('>5k', 2.909600856415616)	('>10k+', 81.28027523285706)
its-B10_S225_L001_R2_001	(1.0, 2.630274088596297)	(2.0, 0.4068482735647792)	(3.0, 0.24410896413886748)	(4.0, 0.15511090429657207)	(5.0, 0.1271400854889935)	(6.0, 0.11671459847889601)	(7.0, 0.0898880404407184)	(8.0, 0.09967782702337089)	(9.0, 0.06522286385585366)	('>10', 2.147523183994589)	('>50', 1.5090256746688635)	('>100', 2.831155423668907)	('>500', 1.4383357871369833)	('>1k', 3.4882153854760256)	('>5k', 1.5308937693729705)	('>10k+', 83.1198651297973)
its-B11_S233_L001_R1_001	(1.0, 2.3057494207227665)	(2.0, 0.5573116436172864)	(3.0, 0.3508698721359247)	(4.0, 0.26938274953547703)	(5.0, 0.21328066228282175)	(6.0, 0.20308028278233897)	(7.0, 0.1712040968433303)	(8.0, 0.17804298764479032)	(9.0, 0.15231021208675422)	('>10', 3.0594183697243467)	('>50', 1.695349438341604)	('>100', 4.49848327311632)	('>500', 2.0757772283482456)	('>1k', 3.1763749937696546)	('>5k', 5.655530866000628)	('>10k+', 75.43783390304772)
its-B11_S233_L001_R2_001	(1.0, 2.7050710954859842)	(2.0, 0.4464984299529507)	(3.0, 0.2872334136613219)	(4.0, 0.19983470748673082)	(5.0, 0.19299581668527077)	(6.0, 0.16065597713260377)	(7.0, 0.13469137476773851)	(8.0, 0.13909608409749244)	(9.0, 0.13248902010286157)	('>10', 3.0180372847053425)	('>50', 1.504787803128039)	('>100', 2.5677137124397107)	('>500', 0.6316121352060303)	('>1k', 7.363862605524665)	('>5k', 4.130574130678453)	('>10k+', 76.38484640894481)
its-B12_S241_L001_R1_001	(1.0, 2.1389327491035517)	(2.0, 0.42973241947792085)	(3.0, 0.24932920246304896)	(4.0, 0.17958266956906022)	(5.0, 0.16235117320701592)	(6.0, 0.14207192918909986)	(7.0, 0.11323554752200532)	(8.0, 0.10971891561138403)	(9.0, 0.10760893646501127)	('>10', 2.2358745687730117)	('>50', 1.5557579572588558)	('>100', 4.861860837497611)	('>500', 0.8827918306296294)	('>1k', 1.6583263879853098)	('>5k', 0.7707284937444979)	('>10k+', 84.40209638150299)
its-B12_S241_L001_R2_001	(1.0, 2.417567217488445)	(2.0, 0.3282189783246531)	(3.0, 0.17899656425062332)	(4.0, 0.13034982282036223)	(5.0, 0.10374064136332785)	(6.0, 0.08650914500128357)	(7.0, 0.09764514605158431)	(8.0, 0.08815023989290684)	(9.0, 0.0981140303063338)	('>10', 2.500794172706482)	('>50', 1.6185884473952892)	('>100', 2.479928823370129)	('>500', 0.8980305689089884)	('>1k', 0.8191407930473843)	('>5k', 1.7730858093352513)	('>10k+', 86.38113959973695)
its-C01_S154_L001_R1_001	(1.0, 2.672741027074228)	(2.0, 0.6610861566987445)	(3.0, 0.41079377479073087)	(4.0, 0.31022786708239897)	(5.0, 0.258149093447727)	(6.0, 0.22425299509067764)	(7.0, 0.19563211733886446)	(8.0, 0.16252169013578643)	(9.0, 0.17778615827008679)	('>10', 3.035945577681552)	('>50', 1.4574199906168417)	('>100', 4.3760760888841)	('>500', 2.03219455911502)	('>1k', 7.909575984502075)	('>5k', 3.864042973967347)	('>10k+', 72.25155394530381)
its-C01_S154_L001_R2_001	(1.0, 3.197457119190804)	(2.0, 0.508665952828304)	(3.0, 0.3451341140659829)	(4.0, 0.25635327366722116)	(5.0, 0.1969789821742439)	(6.0, 0.18250018519391487)	(7.0, 0.16106258656412537)	(8.0, 0.1355843934281975)	(9.0, 0.14445125359444552)	('>10', 2.5905822721160816)	('>50', 1.2072398474451096)	('>100', 3.376028948614862)	('>500', 1.819838870070194)	('>1k', 5.600937417925424)	('>5k', 6.049106691897935)	('>10k+', 74.22807809122315)
its-C02_S162_L001_R1_001	(1.0, 2.870729310975635)	(2.0, 0.6628791771665358)	(3.0, 0.41499319649588706)	(4.0, 0.297627611949502)	(5.0, 0.25179131535783145)	(6.0, 0.23801987198723984)	(7.0, 0.1740957094759863)	(8.0, 0.1586799146581599)	(9.0, 0.17296521785601238)	('>10', 3.3519076532227237)	('>50', 1.962636224240207)	('>100', 4.022289183867268)	('>500', 1.9787714228161983)	('>1k', 6.049774518307798)	('>5k', 5.389978500104827)	('>10k+', 72.00286117151819)
its-C02_S162_L001_R2_001	(1.0, 3.086858754321561)	(2.0, 0.5233148480824807)	(3.0, 0.31879863683265025)	(4.0, 0.22733158758021355)	(5.0, 0.19269743522283017)	(6.0, 0.1590910025199686)	(7.0, 0.1611464418290121)	(8.0, 0.14716945452751615)	(9.0, 0.12116814726811562)	('>10', 2.8872755974134354)	('>50', 1.4060232593512212)	('>100', 2.7892311423720595)	('>500', 0.9113817896298976)	('>1k', 9.88758802418841)	('>5k', 4.529777149270114)	('>10k+', 72.65114672959051)
its-C03_S170_L001_R1_001	(1.0, 4.210999118698135)	(2.0, 0.9211110427254621)	(3.0, 0.5331025099424731)	(4.0, 0.42113919724269067)	(5.0, 0.3358899380993475)	(6.0, 0.2647834131917663)	(7.0, 0.22458138161418362)	(8.0, 0.20533154890439642)	(9.0, 0.18385554506490598)	('>10', 3.67501568141134)	('>50', 2.4992044711992385)	('>100', 5.768664153275811)	('>500', 1.8853050443728288)	('>1k', 7.74301604283677)	('>5k', 5.0070517244314425)	('>10k+', 66.12094918698921)
its-C03_S170_L001_R2_001	(1.0, 2.7566546147872764)	(2.0, 0.5382096084164982)	(3.0, 0.3189972277621873)	(4.0, 0.2650453156776138)	(5.0, 0.22327186918494638)	(6.0, 0.19014120472524465)	(7.0, 0.20166491410253223)	(8.0, 0.1644747611121951)	(9.0, 0.1614628825249495)	('>10', 3.21485301377738)	('>50', 1.248751052520615)	('>100', 2.707809801176728)	('>500', 2.863248926527186)	('>1k', 10.25492278459961)	('>5k', 5.006527919459748)	('>10k+', 69.8839641036453)
its-C04_S178_L001_R1_001	(1.0, 2.1594980283182923)	(2.0, 0.5043319105161553)	(3.0, 0.3106150177351155)	(4.0, 0.22800700943423532)	(5.0, 0.19037694635378047)	(6.0, 0.19171292492468422)	(7.0, 0.15508484577240714)	(8.0, 0.13448850947097474)	(9.0, 0.1392757660167131)	('>10', 2.700124023343999)	('>50', 1.4152466327773436)	('>100', 3.8067596062425824)	('>500', 1.4288290815815314)	('>1k', 3.8992761222776653)	('>5k', 2.438160891899294)	('>10k+', 80.29821268333522)
its-C04_S178_L001_R2_001	(1.0, 2.0188862837306756)	(2.0, 0.3408971986755999)	(3.0, 0.22043646419911425)	(4.0, 0.17902112850109883)	(5.0, 0.14751430053728606)	(6.0, 0.14228171780124646)	(7.0, 0.13638114577975502)	(8.0, 0.12291002852314249)	(9.0, 0.14328370172942426)	('>10', 2.725396284643594)	('>50', 1.3176088655537965)	('>100', 1.178555762632234)	('>500', 0.393668352226297)	('>1k', 2.631432458490033)	('>5k', 6.719192890812698)	('>10k+', 81.58253341616401)
its-C05_S186_L001_R1_001	(1.0, 2.046893658528633)	(2.0, 0.46244282296618217)	(3.0, 0.2881437213605383)	(4.0, 0.22116830663600015)	(5.0, 0.17525007098307138)	(6.0, 0.1687291381092827)	(7.0, 0.13693959034956274)	(8.0, 0.1184636138738281)	(9.0, 0.09047794362381825)	('>10', 2.61869795989898)	('>50', 1.548313999220205)	('>100', 4.056427805801185)	('>500', 0.7996293936483397)	('>1k', 3.3133131637256805)	('>5k', 3.1119793612474544)	('>10k+', 80.84312945002723)
its-C05_S186_L001_R2_001	(1.0, 2.3522906814510707)	(2.0, 0.3763121679248897)	(3.0, 0.25146347394547686)	(4.0, 0.18638999797579375)	(5.0, 0.18679755628040556)	(6.0, 0.15731750558015245)	(7.0, 0.13598862097213524)	(8.0, 0.12607136889324827)	(9.0, 0.1332715656080566)	('>10', 2.52020470295113)	('>50', 1.0983696309287847)	('>100', 1.8958253802858613)	('>500', 1.453760472550269)	('>1k', 3.645065623679681)	('>5k', 3.6401749240243393)	('>10k+', 81.8406963269487)
its-C06_S194_L001_R1_001	(1.0, 2.250386648069606)	(2.0, 0.4808194092586794)	(3.0, 0.2778884745666221)	(4.0, 0.23104001214501912)	(5.0, 0.17612649796476046)	(6.0, 0.15228715379579288)	(7.0, 0.12536411336616285)	(8.0, 0.1242966800451643)	(9.0, 0.10140616549486209)	('>10', 2.3340022582144924)	('>50', 1.8364597269268357)	('>100', 4.28645640602317)	('>500', 1.181767290047726)	('>1k', 1.3108081181862175)	('>5k', 1.5930849297391667)	('>10k+', 83.53780611615572)
its-C06_S194_L001_R2_001	(1.0, 1.8413224787224958)	(2.0, 0.27492338200829275)	(3.0, 0.14908485383279724)	(4.0, 0.11433396904917785)	(5.0, 0.0996271099598645)	(6.0, 0.10247359881586063)	(7.0, 0.08219236571688822)	(8.0, 0.07116222139990322)	(9.0, 0.07685519911189548)	('>10', 2.0368999838698962)	('>50', 1.4192119021187366)	('>100', 1.9299194443653755)	('>500', 1.0025570958223031)	('>1k', 1.121042194453142)	('>5k', 0.0)	('>10k+', 89.67839420075337)
its-C07_S202_L001_R1_001	(1.0, 1.8625000513028882)	(2.0, 0.42273579833450303)	(3.0, 0.2667750183664339)	(4.0, 0.20356986016884807)	(5.0, 0.1710096271579705)	(6.0, 0.1617067034405769)	(7.0, 0.1216220468347486)	(8.0, 0.11382400783634516)	(9.0, 0.10712043045175272)	('>10', 2.297138119687586)	('>50', 1.4392170221614795)	('>100', 4.159501363288748)	('>500', 1.1066374992646586)	('>1k', 2.5699326769299806)	('>5k', 1.0007483381284432)	('>10k+', 83.99596143664503)
its-C07_S202_L001_R2_001	(1.0, 1.88507332208774)	(2.0, 0.2807294039425244)	(3.0, 0.19084674390829506)	(4.0, 0.14173277898852593)	(5.0, 0.1436480868126952)	(6.0, 0.1379021633401874)	(7.0, 0.10342662250514055)	(8.0, 0.11163508460872314)	(9.0, 0.11204550771390226)	('>10', 2.2469296931540055)	('>50', 1.3393473999012249)	('>100', 2.2294183073330296)	('>500', 0.431081068139812)	('>1k', 0.344208177543563)	('>5k', 0.0)	('>10k+', 90.30197564002063)
its-C08_S210_L001_R1_001	(1.0, 2.916954756737885)	(2.0, 0.6133751377698063)	(3.0, 0.360939778336083)	(4.0, 0.2902578776946405)	(5.0, 0.2216296884519808)	(6.0, 0.18688773728923788)	(7.0, 0.17011576086584473)	(8.0, 0.17251175749775802)	(9.0, 0.15094778781053828)	('>10', 2.8392560088172676)	('>50', 1.4427322576449406)	('>100', 5.0314217844013776)	('>500', 1.0674164995173778)	('>1k', 3.763083853036412)	('>5k', 2.3058044729834264)	('>10k+', 78.46666484114543)
its-C08_S210_L001_R2_001	(1.0, 1.843205980407593)	(2.0, 0.32243268960890487)	(3.0, 0.21153227407463188)	(4.0, 0.16635062330140954)	(5.0, 0.15231692874306016)	(6.0, 0.1530014992093211)	(7.0, 0.12698782149140522)	(8.0, 0.1122695564667949)	(9.0, 0.11244069908336014)	('>10', 2.365704388781259)	('>50', 1.1468266736036474)	('>100', 2.3689560984959988)	('>500', 0.8642702136544426)	('>1k', 0.4281988266462209)	('>5k', 4.604592098687679)	('>10k+', 85.02091362774428)
its-C09_S218_L001_R1_001	(1.0, 1.999393368214661)	(2.0, 0.47187286731012973)	(3.0, 0.29638295797991615)	(4.0, 0.22012067639444066)	(5.0, 0.16574046992297942)	(6.0, 0.15794091839719215)	(7.0, 0.140283600359646)	(8.0, 0.11699327288680901)	(9.0, 0.12674271229404308)	('>10', 2.1141117719064484)	('>50', 1.1196689523685721)	('>100', 3.716269647828583)	('>500', 1.5309869682493256)	('>1k', 4.678214336009013)	('>5k', 2.326216242566052)	('>10k+', 80.81906123731218)
its-C09_S218_L001_R2_001	(1.0, 2.440501337839741)	(2.0, 0.4077432214314344)	(3.0, 0.24536089174872444)	(4.0, 0.15729095577004323)	(5.0, 0.14678322663113536)	(6.0, 0.11634331025966006)	(7.0, 0.09630279592256778)	(8.0, 0.10312740350763164)	(9.0, 0.07507068343570245)	('>10', 2.2630615406280805)	('>50', 1.3701212180299631)	('>100', 2.373013551720776)	('>500', 0.7891629564633367)	('>1k', 3.014201683403204)	('>5k', 4.9803386305287445)	('>10k+', 81.42157659267926)
its-C10_S226_L001_R1_001	(1.0, 2.0605815911530394)	(2.0, 0.45519896798589843)	(3.0, 0.30059380200691294)	(4.0, 0.20187298742479)	(5.0, 0.17725433042176683)	(6.0, 0.15657465853922736)	(7.0, 0.14131109119735302)	(8.0, 0.12604752385547865)	(9.0, 0.10302907955765198)	('>10', 1.9880796462791364)	('>50', 1.128396143733567)	('>100', 3.791150085180553)	('>500', 1.8769264099104863)	('>1k', 3.438610916897261)	('>5k', 3.479600980807295)	('>10k+', 80.57477178504958)
its-C10_S226_L001_R2_001	(1.0, 2.0272233109139433)	(2.0, 0.322996779879664)	(3.0, 0.18685560665294587)	(4.0, 0.13786447921692976)	(5.0, 0.11139942293867985)	(6.0, 0.09896700115215315)	(7.0, 0.08616529951058109)	(8.0, 0.07582546356931137)	(9.0, 0.07422525086411486)	('>10', 2.085323341441078)	('>50', 1.3718746614934663)	('>100', 2.6647234340072283)	('>500', 0.9688672463539769)	('>1k', 3.3675860914435396)	('>5k', 2.3107071463037547)	('>10k+', 84.10939546425863)
its-C11_S234_L001_R1_001	(1.0, 2.8021518597543267)	(2.0, 0.5871697170341683)	(3.0, 0.3475018986030884)	(4.0, 0.24898275421829608)	(5.0, 0.23342133207965254)	(6.0, 0.18673706566372206)	(7.0, 0.18640830322417323)	(8.0, 0.17446326792056663)	(9.0, 0.1272310641053881)	('>10', 2.9738754406786536)	('>50', 1.961506301828029)	('>100', 4.998284955940354)	('>500', 1.781563659914982)	('>1k', 3.1011065047840414)	('>5k', 2.3099944877497633)	('>10k+', 77.9796013865008)
its-C11_S234_L001_R2_001	(1.0, 2.0496146356271088)	(2.0, 0.34498138656654753)	(3.0, 0.20646281203665043)	(4.0, 0.17095646856537935)	(5.0, 0.12164210263305839)	(6.0, 0.1328200255777178)	(7.0, 0.09742326958629631)	(8.0, 0.10082048146163396)	(9.0, 0.10060130650193476)	('>10', 2.629441991511354)	('>50', 1.292913087265606)	('>100', 2.107695999947398)	('>500', 0.5465127620099658)	('>1k', 5.829615578079435)	('>5k', 2.8124530828601895)	('>10k+', 81.45604500976972)
its-C12_S242_L001_R1_001	(1.0, 4.065413038706374)	(2.0, 0.7776395697665911)	(3.0, 0.45657422989683183)	(4.0, 0.3336503987707617)	(5.0, 0.25974976220092194)	(6.0, 0.1931660203409673)	(7.0, 0.17721518987341772)	(8.0, 0.17443476988366138)	(9.0, 0.1527767615424014)	('>10', 3.2729933416258143)	('>50', 1.503329187092998)	('>100', 5.747859808297359)	('>500', 2.884466232530914)	('>1k', 1.80127313967952)	('>5k', 0.9170995829370014)	('>10k+', 77.28235896685447)
its-C12_S242_L001_R2_001	(1.0, 1.3972342137996634)	(2.0, 0.2277017633716251)	(3.0, 0.14267944684275993)	(4.0, 0.11063144801346309)	(5.0, 0.09658301017048365)	(6.0, 0.10536328382234579)	(7.0, 0.10038779541962392)	(8.0, 0.09365625228652959)	(9.0, 0.08033950391453867)	('>10', 2.5284261359479037)	('>50', 1.2694812321650693)	('>100', 1.1821175093290408)	('>500', 1.3392844076973731)	('>1k', 0.8131996780566327)	('>5k', 1.3681129728543207)	('>10k+', 89.14480134630863)
its-D01_S155_L001_R1_001	(1.0, 4.574602627969528)	(2.0, 0.9134955082265065)	(3.0, 0.5357174665566237)	(4.0, 0.42453642403766795)	(5.0, 0.32285549730137336)	(6.0, 0.2876753810437065)	(7.0, 0.2680813922419679)	(8.0, 0.20781503274571161)	(9.0, 0.24180763453054585)	('>10', 3.7406705894228085)	('>50', 1.7941859291410116)	('>100', 5.503832702961067)	('>500', 3.143202370278888)	('>1k', 5.904915716160291)	('>5k', 4.1726289789156805)	('>10k+', 67.96397674846662)
its-D01_S155_L001_R2_001	(1.0, 2.2469258219084542)	(2.0, 0.43136463225645566)	(3.0, 0.31483977460975304)	(4.0, 0.24878428205843758)	(5.0, 0.20558844310915042)	(6.0, 0.17901780677952012)	(7.0, 0.14858774841318378)	(8.0, 0.16150196830523872)	(9.0, 0.12958751684786157)	('>10', 2.5172338037869837)	('>50', 1.1069119279891224)	('>100', 2.9729424827365083)	('>500', 3.053693466889128)	('>1k', 7.114992963976749)	('>5k', 5.983440110676349)	('>10k+', 73.18458724965711)
its-D02_S163_L001_R1_001	(1.0, 2.58715800378687)	(2.0, 0.6906501769059458)	(3.0, 0.42404750268504887)	(4.0, 0.32718088889018954)	(5.0, 0.2743578562920865)	(6.0, 0.23528929755609337)	(7.0, 0.20792667402189596)	(8.0, 0.1814419956278332)	(9.0, 0.173833137746666)	('>10', 3.818329738635732)	('>50', 2.0665365356870065)	('>100', 3.82301211271645)	('>500', 1.783545552183596)	('>1k', 9.199109178331142)	('>5k', 6.237507572276833)	('>10k+', 67.97007377665662)
its-D02_S163_L001_R2_001	(1.0, 3.2175226144035682)	(2.0, 0.5680305056671359)	(3.0, 0.37751641025791105)	(4.0, 0.28913659948435355)	(5.0, 0.2502143649383829)	(6.0, 0.2124627239125918)	(7.0, 0.17617432478702513)	(8.0, 0.1814419956278332)	(9.0, 0.16329779606504988)	('>10', 3.25834706341983)	('>50', 1.423441720538356)	('>100', 2.368695988083358)	('>500', 2.1840348602750312)	('>1k', 11.186484327216007)	('>5k', 6.977030028650276)	('>10k+', 67.1661686766733)
its-D03_S171_L001_R1_001	(1.0, 3.2009928677627677)	(2.0, 0.7617928759909536)	(3.0, 0.48032035070356704)	(4.0, 0.33644137817542263)	(5.0, 0.2765584698316993)	(6.0, 0.24958830500513687)	(7.0, 0.1927909663661474)	(8.0, 0.17919160359343161)	(9.0, 0.17484894993491734)	('>10', 3.13951003438696)	('>50', 2.217953215906455)	('>100', 4.9686814674969515)	('>500', 2.0615034038405056)	('>1k', 9.736800904186204)	('>5k', 1.9018537417103885)	('>10k+', 70.12117146510849)
its-D03_S171_L001_R2_001	(1.0, 3.761766591508284)	(2.0, 0.6392843306770768)	(3.0, 0.38638189524833694)	(4.0, 0.28295816996003614)	(5.0, 0.21998969191157902)	(6.0, 0.1885625930670677)	(7.0, 0.18399137868968424)	(8.0, 0.15724977458199102)	(9.0, 0.14399325288757897)	('>10', 3.3523000636541602)	('>50', 1.5732977083359523)	('>100', 3.280417717569805)	('>500', 2.8874075614742623)	('>1k', 6.947903012544556)	('>5k', 6.864592630516741)	('>10k+', 69.1299036273729)
its-D04_S179_L001_R1_001	(1.0, 2.2460273795268453)	(2.0, 0.4852564611780121)	(3.0, 0.304216964950322)	(4.0, 0.2353709593426089)	(5.0, 0.19123890446586972)	(6.0, 0.16829023592996536)	(7.0, 0.14210521670310014)	(8.0, 0.14279171533451607)	(9.0, 0.10679957280170879)	('>10', 2.6190903500848806)	('>50', 1.506864495957994)	('>100', 3.8431174098995062)	('>500', 1.459201876691116)	('>1k', 3.7031697603237137)	('>5k', 2.3867595989671138)	('>10k+', 80.45969909784273)
its-D04_S179_L001_R2_001	(1.0, 2.3541999495913863)	(2.0, 0.37953567193995685)	(3.0, 0.237724668936035)	(4.0, 0.1882967674740871)	(5.0, 0.1559332605644784)	(6.0, 0.1506374139792697)	(7.0, 0.11876426323495808)	(8.0, 0.11140892075550154)	(9.0, 0.10856485499677836)	('>10', 2.837789199807388)	('>50', 1.1394896569174053)	('>100', 1.8378549075335378)	('>500', 0.41189917884956556)	('>1k', 2.439129637420844)	('>5k', 7.531772627730425)	('>10k+', 79.99699902026838)
its-D05_S187_L001_R1_001	(1.0, 1.9639069100084727)	(2.0, 0.4891986666089442)	(3.0, 0.31448485710574975)	(4.0, 0.23810554569461884)	(5.0, 0.19017520857427347)	(6.0, 0.1790430012430965)	(7.0, 0.15801549850642885)	(8.0, 0.15214016685941878)	(9.0, 0.13219496205772668)	('>10', 2.8470620249485137)	('>50', 1.701990809744392)	('>100', 3.796546541903484)	('>500', 0.9539683226855831)	('>1k', 4.51086317898734)	('>5k', 3.518550586605481)	('>10k+', 78.85375371846648)
its-D05_S187_L001_R2_001	(1.0, 2.200157087814562)	(2.0, 0.3809688731113901)	(3.0, 0.24583624523015837)	(4.0, 0.21769649892079435)	(5.0, 0.20872888745956847)	(6.0, 0.17069384574471375)	(7.0, 0.15585090263647777)	(8.0, 0.13482339989981013)	(9.0, 0.14054411755610943)	('>10', 2.7419245112651756)	('>50', 1.1057992615635803)	('>100', 1.8051183415484902)	('>500', 0.9923125923818594)	('>1k', 3.811234871021009)	('>5k', 5.253628790361983)	('>10k+', 80.43468177348431)
its-D06_S195_L001_R1_001	(1.0, 1.993320138220341)	(2.0, 0.4447112069588242)	(3.0, 0.27738631692174737)	(4.0, 0.2117172078020155)	(5.0, 0.18256012335285457)	(6.0, 0.1513016274118622)	(7.0, 0.13606639409608443)	(8.0, 0.12188186652622233)	(9.0, 0.10874804470227596)	('>10', 2.5828973998972935)	('>50', 1.9943708439662564)	('>100', 3.811303755090998)	('>500', 0.7420609330529699)	('>1k', 2.59104036942814)	('>5k', 1.735371877598034)	('>10k+', 82.91526189497408)
its-D06_S195_L001_R2_001	(1.0, 1.9830757571976627)	(2.0, 0.30811945998978185)	(3.0, 0.16430411101756912)	(4.0, 0.1271353952558009)	(5.0, 0.10835403004755756)	(6.0, 0.10638395677396562)	(7.0, 0.08458181254621464)	(8.0, 0.09351281138649817)	(9.0, 0.08747125334748283)	('>10', 2.1971570529279885)	('>50', 1.3108867562480875)	('>100', 1.9378954101232873)	('>500', 0.8075987039544624)	('>1k', 1.480707072431714)	('>5k', 0.0)	('>10k+', 89.20281641675193)
its-D07_S203_L001_R1_001	(1.0, 1.802184685499331)	(2.0, 0.39994006066274307)	(3.0, 0.25151269318810104)	(4.0, 0.20565393300228907)	(5.0, 0.14984834314237144)	(6.0, 0.12246226663704149)	(7.0, 0.1202662133323688)	(8.0, 0.12401242191092808)	(9.0, 0.11974949490773992)	('>10', 2.1131199975197514)	('>50', 1.4010820083811728)	('>100', 3.9649096517834534)	('>500', 1.03640798019935)	('>1k', 2.269556500576141)	('>5k', 0.8866888166631358)	('>10k+', 85.03260493259408)
its-D07_S203_L001_R2_001	(1.0, 2.1579453208563057)	(2.0, 0.30589730738028925)	(3.0, 0.18834386577722204)	(4.0, 0.1395139746497941)	(5.0, 0.1272419120648585)	(6.0, 0.10076009280262906)	(7.0, 0.11484066987376569)	(8.0, 0.11781180081538167)	(9.0, 0.07905791896821665)	('>10', 2.3966692330348423)	('>50', 1.3461806757643557)	('>100', 2.1147993323997953)	('>500', 0.3743624986436141)	('>1k', 0.41453735615850856)	('>5k', 2.010293031018607)	('>10k+', 88.01174500979182)
its-D08_S211_L001_R1_001	(1.0, 4.121564423220056)	(2.0, 0.8134567702608625)	(3.0, 0.47138391400513935)	(4.0, 0.36507819559951465)	(5.0, 0.2969643477384849)	(6.0, 0.256216328377913)	(7.0, 0.21155890494584723)	(8.0, 0.15517326929929948)	(9.0, 0.1691569069396433)	('>10', 3.028585261847374)	('>50', 1.8956098895894071)	('>100', 6.22993611131577)	('>500', 1.7181830894216037)	('>1k', 3.665818125500892)	('>5k', 2.285497764873403)	('>10k+', 74.31581669706479)
its-D08_S211_L001_R2_001	(1.0, 1.441517570515876)	(2.0, 0.22945194665768506)	(3.0, 0.18088511915412525)	(4.0, 0.1557747160795293)	(5.0, 0.13382190860114004)	(6.0, 0.141640716744128)	(7.0, 0.11051584586723365)	(8.0, 0.09984016551815392)	(9.0, 0.10826042044137171)	('>10', 2.2867006584338623)	('>50', 1.017948675539009)	('>100', 1.9769555666154934)	('>500', 0.6230988643181172)	('>1k', 1.2066526028361222)	('>5k', 4.721958671584496)	('>10k+', 85.56497655109365)
its-D09_S219_L001_R1_001	(1.0, 2.1104205930767947)	(2.0, 0.4968151346708973)	(3.0, 0.3363790347591669)	(4.0, 0.2665982775484887)	(5.0, 0.2012906458000334)	(6.0, 0.16640026719469428)	(7.0, 0.15447193262876638)	(8.0, 0.13479018059498535)	(9.0, 0.1019872605386836)	('>10', 2.488250590452561)	('>50', 1.3833886012834888)	('>100', 3.847186105875897)	('>500', 0.8788200491447384)	('>1k', 5.848462437674452)	('>5k', 0.9527757234534914)	('>10k+', 80.63196316530285)
its-D09_S219_L001_R2_001	(1.0, 2.57443280769139)	(2.0, 0.4252451272753298)	(3.0, 0.24020683732137318)	(4.0, 0.18608201922847534)	(5.0, 0.16774220483336116)	(6.0, 0.1377722642364673)	(7.0, 0.12420378366772432)	(8.0, 0.13240451368179976)	(9.0, 0.1140646992866856)	('>10', 2.71265238447408)	('>50', 1.4437757950234988)	('>100', 2.044516544600043)	('>500', 1.1728534961948613)	('>1k', 3.3180153636949212)	('>5k', 6.792590118567646)	('>10k+', 78.41344204022235)
its-D10_S227_L001_R1_001	(1.0, 2.327834154881602)	(2.0, 0.5106602187103964)	(3.0, 0.33316099795250637)	(4.0, 0.24263826181415027)	(5.0, 0.2043760743742266)	(6.0, 0.1758194174068689)	(7.0, 0.13065137174608094)	(8.0, 0.13289110954744232)	(9.0, 0.10918721781636763)	('>10', 2.45400605102496)	('>50', 1.2507069172435548)	('>100', 4.0292883046491355)	('>500', 0.9772722606606853)	('>1k', 6.115417421800488)	('>5k', 2.4745369808707727)	('>10k+', 78.53155323950077)
its-D10_S227_L001_R2_001	(1.0, 2.725014324989688)	(2.0, 0.4121117554504953)	(3.0, 0.2418916825470298)	(4.0, 0.17395296923906775)	(5.0, 0.13718394033338496)	(6.0, 0.11534649677011144)	(7.0, 0.1293448580286201)	(8.0, 0.10900057299958751)	(9.0, 0.0957487910081993)	('>10', 2.7666361191316535)	('>50', 1.4360452203062095)	('>100', 2.581484460885779)	('>500', 1.5760288328912964)	('>1k', 3.8234190717406684)	('>5k', 2.3761751624276517)	('>10k+', 81.30061574125055)
its-D11_S235_L001_R1_001	(1.0, 2.453697949036669)	(2.0, 0.5793498527305645)	(3.0, 0.3404761261382982)	(4.0, 0.25335747291053046)	(5.0, 0.22374145431945305)	(6.0, 0.19326073445564354)	(7.0, 0.16494176777366443)	(8.0, 0.15391682654632907)	(9.0, 0.1731564298646202)	('>10', 3.1227605588131975)	('>50', 1.9205015267381849)	('>100', 4.981976382846488)	('>500', 2.1340827411030343)	('>1k', 3.2457643148593505)	('>5k', 4.509741400275623)	('>10k+', 75.54927446158834)
its-D11_S235_L001_R2_001	(1.0, 2.3258302483313966)	(2.0, 0.40921987732050696)	(3.0, 0.2503310184559678)	(4.0, 0.19542248763747397)	(5.0, 0.16861674818277622)	(6.0, 0.14656686572810548)	(7.0, 0.13392060961439728)	(8.0, 0.13662280109168534)	(9.0, 0.11381630502337395)	('>10', 3.0122949712216607)	('>50', 1.3420163752803522)	('>100', 3.104277569108547)	('>500', 1.4669657091901533)	('>1k', 4.2448185478423)	('>5k', 6.217094063285324)	('>10k+', 76.73218580268598)
its-D12_S243_L001_R1_001	(1.0, 1.8841625836055376)	(2.0, 0.4109795458080572)	(3.0, 0.24097351843210452)	(4.0, 0.1944314823456214)	(5.0, 0.16222876808212786)	(6.0, 0.13926154923005132)	(7.0, 0.10377780370197542)	(8.0, 0.10596515787836366)	(9.0, 0.11155506299580027)	('>10', 2.0224519754238606)	('>50', 1.5352795924716132)	('>100', 4.8668630424638355)	('>500', 1.0884517421060818)	('>1k', 2.5838728806968425)	('>5k', 1.0117728262560273)	('>10k+', 83.53797246850209)
its-D12_S243_L001_R2_001	(1.0, 2.314585277648157)	(2.0, 0.3531361798102349)	(3.0, 0.20597585160989268)	(4.0, 0.12686654223051796)	(5.0, 0.10025373308446103)	(6.0, 0.08384857676154922)	(7.0, 0.08676504899673355)	(8.0, 0.08166122258516098)	(9.0, 0.06233959402706487)	('>10', 2.580348810079328)	('>50', 1.6668854020843054)	('>100', 2.671367047752372)	('>500', 0.8260907606159589)	('>1k', 1.3147213796857988)	('>5k', 1.6139028231451236)	('>10k+', 85.91125174988335)
its-E01_S156_L001_R1_001	(1.0, 2.6043886219400476)	(2.0, 0.5665042857835494)	(3.0, 0.3758832490807064)	(4.0, 0.28121068600606824)	(5.0, 0.2315777654723293)	(6.0, 0.19521431469568257)	(7.0, 0.17505492794933103)	(8.0, 0.16127509397081227)	(9.0, 0.17339624422969452)	('>10', 3.027608152558073)	('>50', 1.3135499148967662)	('>100', 4.076534218645136)	('>500', 1.442416880806988)	('>1k', 5.56564942571266)	('>5k', 2.8326490199731036)	('>10k+', 76.97708719827905)
its-E01_S156_L001_R2_001	(1.0, 2.7883749237643447)	(2.0, 0.43023703866264157)	(3.0, 0.2510991969418976)	(4.0, 0.19342803992068938)	(5.0, 0.1620406403029522)	(6.0, 0.1431571641101672)	(7.0, 0.14468825677444708)	(8.0, 0.14188125355660067)	(9.0, 0.09990379634426108)	('>10', 2.7697466296822726)	('>50', 1.4440755645266246)	('>100', 2.605664532493614)	('>500', 1.471635232483662)	('>1k', 3.825945385924665)	('>5k', 4.416691972225979)	('>10k+', 79.11143037228518)
its-E02_S164_L001_R1_001	(1.0, 3.2543986203008144)	(2.0, 0.8183672454106761)	(3.0, 0.5186309138848814)	(4.0, 0.41788965723098354)	(5.0, 0.32233056398520804)	(6.0, 0.26864335107706083)	(7.0, 0.2727890818035587)	(8.0, 0.25703530504286687)	(9.0, 0.24812198398089647)	('>10', 4.439041175397575)	('>50', 1.9335688108385984)	('>100', 3.698613667645059)	('>500', 1.5515397243918212)	('>1k', 10.25239208662919)	('>5k', 6.525587450043944)	('>10k+', 65.22105036233687)
its-E02_S164_L001_R2_001	(1.0, 5.359600683216423)	(2.0, 0.8627265641842031)	(3.0, 0.5801950151733745)	(4.0, 0.4444223338805698)	(5.0, 0.39280798633567154)	(6.0, 0.31839211979503507)	(7.0, 0.28004411057492995)	(8.0, 0.25869359733346603)	(9.0, 0.22013830157703598)	('>10', 3.6074075916621062)	('>50', 1.5896804470756014)	('>100', 2.9909374326318754)	('>500', 2.8580667628476197)	('>1k', 13.486891199442812)	('>5k', 17.86872129081472)	('>10k+', 48.881274563454554)
its-E03_S172_L001_R1_001	(1.0, 2.2068175875174223)	(2.0, 0.5128296263198382)	(3.0, 0.3248344093446698)	(4.0, 0.24473651473877422)	(5.0, 0.1878682789488516)	(6.0, 0.1675581947381649)	(7.0, 0.1466134203958943)	(8.0, 0.1391240768432036)	(9.0, 0.11881399263251695)	('>10', 2.38770427501885)	('>50', 1.52046367922253)	('>100', 4.284285326218034)	('>500', 1.6915761386975652)	('>1k', 1.980360148568266)	('>5k', 4.0578278872688776)	('>10k+', 80.02858644352654)
its-E03_S172_L001_R2_001	(1.0, 2.880858507259586)	(2.0, 0.4610389115825872)	(3.0, 0.2707588101337165)	(4.0, 0.2056396026332024)	(5.0, 0.1675581947381649)	(6.0, 0.16451168210656195)	(7.0, 0.12795353052732594)	(8.0, 0.14927911894854695)	(9.0, 0.13709306842213495)	('>10', 2.7677567258113243)	('>50', 1.353540174615949)	('>100', 2.5374911460726643)	('>500', 0.7342095442163227)	('>1k', 5.707641415308219)	('>5k', 0.670740531057927)	('>10k+', 81.66392903656576)
its-E04_S180_L001_R1_001	(1.0, 2.290863527663711)	(2.0, 0.5231260911294029)	(3.0, 0.32747742586480283)	(4.0, 0.23063872882577535)	(5.0, 0.20698347458723432)	(6.0, 0.16041219280510657)	(7.0, 0.17162379767858177)	(8.0, 0.13010389831197583)	(9.0, 0.13195196504936188)	('>10', 2.696329369846204)	('>50', 1.7464230668297893)	('>100', 3.6489461707441175)	('>500', 1.287856107059738)	('>1k', 3.7106715997728106)	('>5k', 1.3060903655352802)	('>10k+', 81.43050221829611)
its-E04_S180_L001_R2_001	(1.0, 2.051970100744278)	(2.0, 0.33708737289921015)	(3.0, 0.23174756886820697)	(4.0, 0.18973485170496476)	(5.0, 0.16940611759371854)	(6.0, 0.13232157839683906)	(7.0, 0.15696246822865267)	(8.0, 0.1330608050917935)	(9.0, 0.13195196504936188)	('>10', 2.8136200054456366)	('>50', 1.0510571557760093)	('>100', 1.3674461812164962)	('>500', 0.3083807362451473)	('>1k', 2.6284437183595575)	('>5k', 4.5897353445227616)	('>10k+', 83.70707402985737)
its-E05_S188_L001_R1_001	(1.0, 2.0448844538044844)	(2.0, 0.4710636985717191)	(3.0, 0.28309747344526015)	(4.0, 0.2160682145723577)	(5.0, 0.18206152695494715)	(6.0, 0.15745861790698132)	(7.0, 0.136245442994513)	(8.0, 0.13296505512145088)	(9.0, 0.11218926525872418)	('>10', 2.24553484537345)	('>50', 1.4387781211250419)	('>100', 4.51009594041066)	('>500', 1.4354977332519798)	('>1k', 4.173746837159359)	('>5k', 1.297174711271194)	('>10k+', 81.16313806277788)
its-E05_S188_L001_R2_001	(1.0, 1.8448901398101312)	(2.0, 0.3367864883010434)	(3.0, 0.2375000820096968)	(4.0, 0.17058016939922976)	(5.0, 0.14160340985384778)	(6.0, 0.11087711010949934)	(7.0, 0.10486306567555215)	(8.0, 0.11372011293281983)	(9.0, 0.12006219615407325)	('>10', 2.17227284954173)	('>50', 1.319918733857758)	('>100', 2.419614095170613)	('>500', 0.40829894393379745)	('>1k', 2.9668921386598086)	('>5k', 6.0681708338527285)	('>10k+', 81.46394963073767)
its-E06_S196_L001_R1_001	(1.0, 2.0686172788268657)	(2.0, 0.4623365843536003)	(3.0, 0.2863664660717991)	(4.0, 0.23905374559037143)	(5.0, 0.18399391298332987)	(6.0, 0.17098983191533515)	(7.0, 0.15881579857508474)	(8.0, 0.13834128795739087)	(9.0, 0.14442830462751607)	('>10', 2.385003804385419)	('>50', 1.3153489658988726)	('>100', 4.310299508888428)	('>500', 0.8267275368333679)	('>1k', 2.2185792349726774)	('>5k', 4.184685619423116)	('>10k+', 80.90641211869682)
its-E06_S196_L001_R2_001	(1.0, 2.230476585737013)	(2.0, 0.3666044130870858)	(3.0, 0.2199626478522515)	(4.0, 0.16877637130801687)	(5.0, 0.16116760047036038)	(6.0, 0.13114754098360656)	(7.0, 0.10361762468008577)	(8.0, 0.11288649097323097)	(9.0, 0.1108113716538701)	('>10', 2.4846095317147405)	('>50', 1.25821401397247)	('>100', 2.289133291830947)	('>500', 0.8112333125821402)	('>1k', 0.8849692190634294)	('>5k', 2.078162827695926)	('>10k+', 86.58822715639482)
its-E07_S204_L001_R1_001	(1.0, 1.740391984510413)	(2.0, 0.3894262358707262)	(3.0, 0.233852531871837)	(4.0, 0.17405013124823027)	(5.0, 0.1492326816292929)	(6.0, 0.134473405424198)	(7.0, 0.09719256700984717)	(8.0, 0.10145635791354125)	(9.0, 0.08265194674853145)	('>10', 1.8005223690496885)	('>50', 1.0901092077111205)	('>100', 4.3423977154827)	('>500', 1.3278975465709828)	('>1k', 2.6236526694064257)	('>5k', 0.0)	('>10k+', 85.71269264955247)
its-E07_S204_L001_R2_001	(1.0, 1.5811011294672777)	(2.0, 0.2420521297635564)	(3.0, 0.15152856903897433)	(4.0, 0.11501302642785065)	(5.0, 0.07871613976050615)	(6.0, 0.07412436494114329)	(7.0, 0.06887662229044288)	(8.0, 0.06472215935863838)	(9.0, 0.05018153909732266)	('>10', 0.8716719198757159)	('>50', 0.780055079432238)	('>100', 2.9291150228659455)	('>500', 0.8597551709397504)	('>1k', 1.0551242567064512)	('>5k', 0.9584783295560518)	('>10k+', 90.11948454047814)
its-E08_S212_L001_R1_001	(1.0, 2.4965970093208596)	(2.0, 0.5252093055428604)	(3.0, 0.32127690586006113)	(4.0, 0.2672984330185207)	(5.0, 0.21369052177543474)	(6.0, 0.20306775595307205)	(7.0, 0.13056120318880607)	(8.0, 0.13241401118107862)	(9.0, 0.12339701228535219)	('>10', 2.628146376772211)	('>50', 1.1765330750930727)	('>100', 3.6303919800588456)	('>500', 1.7786956725816532)	('>1k', 3.267241613573425)	('>5k', 4.090258923740894)	('>10k+', 79.01522020005386)
its-E08_S212_L001_R2_001	(1.0, 2.465222793985044)	(2.0, 0.38686630878650957)	(3.0, 0.2430884085861593)	(4.0, 0.16897608889525706)	(5.0, 0.150077447374077)	(6.0, 0.12895543626216985)	(7.0, 0.11240368486453503)	(8.0, 0.10375724756726311)	(9.0, 0.08226467485690146)	('>10', 2.1244296439397123)	('>50', 1.3177170441042414)	('>100', 2.3124278948889674)	('>500', 0.810541736352834)	('>1k', 5.223312771281971)	('>5k', 3.680170754784568)	('>10k+', 80.68978806346979)
its-E09_S220_L001_R1_001	(1.0, 2.5372246382276296)	(2.0, 0.5386155870055219)	(3.0, 0.36198185063221133)	(4.0, 0.24601359107781773)	(5.0, 0.19272181862363105)	(6.0, 0.17395238933159046)	(7.0, 0.1337321837057892)	(8.0, 0.1340673520860042)	(9.0, 0.15535054422965736)	('>10', 2.1866385125227286)	('>50', 1.4946833915688396)	('>100', 4.417016498663516)	('>500', 1.1013632973865246)	('>1k', 4.46176147742222)	('>5k', 3.539545679260619)	('>10k+', 78.3253311882557)
its-E09_S220_L001_R2_001	(1.0, 3.0488591706258434)	(2.0, 0.48834032997327037)	(3.0, 0.2745029033960936)	(4.0, 0.19037563996212598)	(5.0, 0.14747408729460462)	(6.0, 0.13473768884643422)	(7.0, 0.12903982638277905)	(8.0, 0.1179792698356837)	(9.0, 0.10256152434579321)	('>10', 2.8740688603437152)	('>50', 1.7078504813855861)	('>100', 2.398464928818615)	('>500', 0.9874060481134209)	('>1k', 4.4233846978876015)	('>5k', 2.061453122512422)	('>10k+', 80.913501420276)
its-E10_S228_L001_R1_001	(1.0, 1.740352340662178)	(2.0, 0.4188265903990148)	(3.0, 0.24690162664601084)	(4.0, 0.19017259528491132)	(5.0, 0.14647758644660272)	(6.0, 0.1370434368110588)	(7.0, 0.11035472402629645)	(8.0, 0.0963276331208167)	(9.0, 0.0837901447893702)	('>10', 2.021018292319609)	('>50', 1.1798893721821686)	('>100', 3.677208087548909)	('>500', 1.758227571550577)	('>1k', 2.6940703886869652)	('>5k', 4.048243262031023)	('>10k+', 81.45109634749448)
its-E10_S228_L001_R2_001	(1.0, 2.0407555264255497)	(2.0, 0.33813978430554725)	(3.0, 0.19104153011976405)	(4.0, 0.15094639416870245)	(5.0, 0.11296152853085464)	(6.0, 0.09235535959006137)	(7.0, 0.06951478678821824)	(8.0, 0.09434149635543904)	(9.0, 0.06368051003992135)	('>10', 2.063968499870901)	('>50', 1.450252239369203)	('>100', 2.591660211722179)	('>500', 0.8040129893344455)	('>1k', 3.725247770561481)	('>5k', 0.9876065065840434)	('>10k+', 85.22351486623369)
its-E11_S236_L001_R1_001	(1.0, 2.146027653804526)	(2.0, 0.47427369240310835)	(3.0, 0.27945665260060076)	(4.0, 0.1872773041796889)	(5.0, 0.1574831876056475)	(6.0, 0.13644489304520194)	(7.0, 0.13449915481995842)	(8.0, 0.11285281706412424)	(9.0, 0.11492016392844547)	('>10', 1.915457674113169)	('>50', 1.2019797886441852)	('>100', 5.720470382215952)	('>500', 1.1533363330130972)	('>1k', 3.246585837457893)	('>5k', 1.6738213082657394)	('>10k+', 81.34511315683866)
its-E11_S236_L001_R2_001	(1.0, 2.710899782320536)	(2.0, 0.4098211136919167)	(3.0, 0.23786649803602047)	(4.0, 0.17560287482822778)	(5.0, 0.11066386156072527)	(6.0, 0.09704369398402063)	(7.0, 0.07661344261896366)	(8.0, 0.06810083788352325)	(9.0, 0.07661344261896366)	('>10', 2.0819399010105677)	('>50', 1.7370578005861539)	('>100', 3.4636572582116236)	('>500', 1.2479478542155635)	('>1k', 2.2667850324087024)	('>5k', 0.0)	('>10k+', 85.2393866060245)
its-E12_S244_L001_R1_001	(1.0, 1.7987725715701155)	(2.0, 0.43869322002779043)	(3.0, 0.2646499960345957)	(4.0, 0.21467503783430258)	(5.0, 0.15915937774658567)	(6.0, 0.13036945617467768)	(7.0, 0.10951034318672927)	(8.0, 0.12080902938853466)	(9.0, 0.09288823752445785)	('>10', 2.0388696533584802)	('>50', 1.5004437993570614)	('>100', 4.796400933879871)	('>500', 1.0688122582053994)	('>1k', 3.2079577516049023)	('>5k', 2.16804405618489)	('>10k+', 81.88994427792161)
its-E12_S244_L001_R2_001	(1.0, 1.8339723247372783)	(2.0, 0.3072373517183237)	(3.0, 0.18675424597022577)	(4.0, 0.1238509833659438)	(5.0, 0.10483877100713664)	(6.0, 0.090606772041401)	(7.0, 0.08365373437875152)	(8.0, 0.08865123019878082)	(9.0, 0.07528836094087636)	('>10', 2.318512136853164)	('>50', 1.4534021539206985)	('>100', 2.792513751261596)	('>500', 1.257956610872161)	('>1k', 2.5342735868222555)	('>5k', 0.0)	('>10k+', 86.74848798591141)
its-F01_S157_L001_R1_001	(1.0, 2.8322205200594723)	(2.0, 0.577927434378283)	(3.0, 0.35841530040943836)	(4.0, 0.2697830452889512)	(5.0, 0.22001358944335933)	(6.0, 0.18955016936658653)	(7.0, 0.18428488688418135)	(8.0, 0.14441917666025642)	(9.0, 0.14554745147791465)	('>10', 2.638282615290882)	('>50', 1.3739880001704947)	('>100', 4.389615860033748)	('>500', 1.7772835655490058)	('>1k', 4.890068423599497)	('>5k', 5.247731540797164)	('>10k+', 74.76086842059077)
its-F01_S157_L001_R2_001	(1.0, 2.8645643981656757)	(2.0, 0.40693111756874323)	(3.0, 0.2534857423672209)	(4.0, 0.19155599126464562)	(5.0, 0.1485561843250033)	(6.0, 0.12937551242481302)	(7.0, 0.10442810256770275)	(8.0, 0.10931729344422186)	(9.0, 0.08800543577734374)	('>10', 2.5732187674725893)	('>50', 1.5196608155170381)	('>100', 3.608473594608351)	('>500', 0.8080954971805667)	('>1k', 4.1672203570864434)	('>5k', 2.789095349251202)	('>10k+', 80.23801584097843)
its-F02_S165_L001_R1_001	(1.0, 3.066519071456327)	(2.0, 0.7389556659254252)	(3.0, 0.45796965155121916)	(4.0, 0.35462035050597074)	(5.0, 0.2767410193865656)	(6.0, 0.2899658114634457)	(7.0, 0.22400512011703125)	(8.0, 0.17894286563284711)	(9.0, 0.16751403297381492)	('>10', 4.446305711477487)	('>50', 1.9917189943933413)	('>100', 3.452976884369602)	('>500', 1.7118758632850384)	('>1k', 8.200513970931581)	('>5k', 7.082447598802258)	('>10k+', 67.35892738772804)
its-F02_S165_L001_R2_001	(1.0, 4.627044536528182)	(2.0, 0.7291595236462548)	(3.0, 0.4613983013489288)	(4.0, 0.3742126350643117)	(5.0, 0.3371505634414501)	(6.0, 0.28506774032386045)	(7.0, 0.27543486708267617)	(8.0, 0.2298828054845335)	(9.0, 0.1866165104181973)	('>10', 3.686125070613859)	('>50', 1.2481917954043031)	('>100', 2.8121459102738675)	('>500', 2.302093435605059)	('>1k', 11.710471749558357)	('>5k', 5.63816968877656)	('>10k+', 65.0968348664296)
its-F03_S173_L001_R1_001	(1.0, 2.0371178428915404)	(2.0, 0.4990695622262927)	(3.0, 0.277855094800123)	(4.0, 0.23531385106432115)	(5.0, 0.18657374038415958)	(6.0, 0.16992188212186)	(7.0, 0.14038610432814613)	(8.0, 0.13807672252534547)	(9.0, 0.12361269965517283)	('>10', 2.423270789601948)	('>50', 1.6418489153806042)	('>100', 3.969219586960987)	('>500', 1.357187221582753)	('>1k', 2.9196663307934188)	('>5k', 3.3415539222418995)	('>10k+', 80.53932573344143)
its-F03_S173_L001_R2_001	(1.0, 2.0668967135066016)	(2.0, 0.36998727409080245)	(3.0, 0.22571168462109728)	(4.0, 0.1755130170128511)	(5.0, 0.13370105174109156)	(6.0, 0.14585569280846353)	(7.0, 0.1395352794534301)	(8.0, 0.14585569280846353)	(9.0, 0.12470661735123631)	('>10', 2.593800403777176)	('>50', 1.1341495579964775)	('>100', 1.8654943110202482)	('>500', 0.6576876281554968)	('>1k', 3.0015886115875055)	('>5k', 4.5113165785657765)	('>10k+', 82.70819988550329)
its-F04_S181_L001_R1_001	(1.0, 2.2272605704004476)	(2.0, 0.5003768630406769)	(3.0, 0.3307884947360743)	(4.0, 0.2533492183131124)	(5.0, 0.19998054900435216)	(6.0, 0.17870602251452747)	(7.0, 0.1676432687398186)	(8.0, 0.1274040214933502)	(9.0, 0.13567069464368206)	('>10', 2.6477667825621825)	('>50', 1.5288482579202023)	('>100', 3.7798147292664543)	('>500', 1.2878990493325877)	('>1k', 4.326023000802354)	('>5k', 0.8112280872377154)	('>10k+', 81.49724038999247)
its-F04_S181_L001_R2_001	(1.0, 2.253519414525031)	(2.0, 0.3727297041017287)	(3.0, 0.23815312796323765)	(4.0, 0.1959687811519852)	(5.0, 0.18782367672445233)	(6.0, 0.1553648277371198)	(7.0, 0.1327530452965061)	(8.0, 0.15658051496510977)	(9.0, 0.1280118651073452)	('>10', 2.781127671472684)	('>50', 1.134479321160252)	('>100', 1.69053465924287)	('>500', 0.4042160033066693)	('>1k', 2.6393785406890515)	('>5k', 5.122784410026989)	('>10k+', 82.40657443652897)
its-F05_S189_L001_R1_001	(1.0, 2.1750157184941328)	(2.0, 0.5168382160745445)	(3.0, 0.31959760655019676)	(4.0, 0.23567144461791698)	(5.0, 0.19709931968944494)	(6.0, 0.17039554089281048)	(7.0, 0.1493433554922891)	(8.0, 0.12885632943137906)	(9.0, 0.13479050249729782)	('>10', 2.637174768461283)	('>50', 1.745494620389536)	('>100', 4.131173482723786)	('>500', 1.2447634454939138)	('>1k', 4.0721143317344035)	('>5k', 1.728257260531391)	('>10k+', 80.41341405692567)
its-F05_S189_L001_R2_001	(1.0, 2.2831024421947963)	(2.0, 0.40013281244480864)	(3.0, 0.27805839508876534)	(4.0, 0.2124999116938532)	(5.0, 0.1695478018833935)	(6.0, 0.16022267277980687)	(7.0, 0.1493433554922891)	(8.0, 0.1356382415067148)	(9.0, 0.13987693655379962)	('>10', 2.744978912492141)	('>50', 1.4206692899479347)	('>100', 1.9725473850783806)	('>500', 0.9878985256405728)	('>1k', 2.85038112932965)	('>5k', 8.279866904975522)	('>10k+', 77.81523528289758)
its-F06_S197_L001_R1_001	(1.0, 2.0609327703736815)	(2.0, 0.45112891549288936)	(3.0, 0.2860550877721471)	(4.0, 0.21232454073278692)	(5.0, 0.18098602156284466)	(6.0, 0.17491266513456127)	(7.0, 0.15134804219282177)	(8.0, 0.14673229130732643)	(9.0, 0.12681168222255693)	('>10', 2.2917203146484497)	('>50', 1.4000301238478843)	('>100', 4.123809014804413)	('>500', 1.165598565716146)	('>1k', 2.024978500318244)	('>5k', 2.762283970711846)	('>10k+', 82.4403474931614)
its-F06_S197_L001_R2_001	(1.0, 2.179484687853773)	(2.0, 0.3459383821550212)	(3.0, 0.20661558569020053)	(4.0, 0.18074308730571334)	(5.0, 0.1542632532783978)	(6.0, 0.10494759908073678)	(7.0, 0.10883454719483814)	(8.0, 0.12341060262271823)	(9.0, 0.09838837413819074)	('>10', 2.4079643566857936)	('>50', 1.1812678253011168)	('>100', 2.2937852558340666)	('>500', 1.011335312437748)	('>1k', 1.1159185101327878)	('>5k', 1.0697610012778342)	('>10k+', 87.41734161901107)
its-F07_S205_L001_R1_001	(1.0, 2.8824934714128947)	(2.0, 0.6198305582092712)	(3.0, 0.3770434913101793)	(4.0, 0.2765521556731379)	(5.0, 0.2197410539263305)	(6.0, 0.17525688935100014)	(7.0, 0.15663249514626848)	(8.0, 0.14685133847759646)	(9.0, 0.1302367709856056)	('>10', 2.338768351392743)	('>50', 1.3037075943312169)	('>100', 5.372802756946296)	('>500', 1.994016075933933)	('>1k', 3.16252932672145)	('>5k', 0.0)	('>10k+', 80.84353767018207)
its-F07_S205_L001_R2_001	(1.0, 1.06855786894054)	(2.0, 0.17981249656654602)	(3.0, 0.10611885043271568)	(4.0, 0.08736046778046798)	(5.0, 0.06900405047076841)	(6.0, 0.07396162302886246)	(7.0, 0.05721306708935556)	(8.0, 0.04502011836539454)	(9.0, 0.049441737133424354)	('>10', 0.8823139268932233)	('>50', 1.0644042270675422)	('>100', 2.2250121594516123)	('>500', 0.9467623701484459)	('>1k', 0.6627068614144088)	('>5k', 2.0870040585100753)	('>10k+', 90.39530611670662)
its-F08_S213_L001_R1_001	(1.0, 1.9878752581140469)	(2.0, 0.4450150897442685)	(3.0, 0.303383279504421)	(4.0, 0.24302430243024303)	(5.0, 0.2058294064700588)	(6.0, 0.16201620162016203)	(7.0, 0.14547042939588076)	(8.0, 0.12389474241541801)	(9.0, 0.133425107216604)	('>10', 2.5166781384020753)	('>50', 1.0658124635993012)	('>100', 3.478450786255096)	('>500', 1.5654947847725946)	('>1k', 1.7685445015089742)	('>5k', 5.593662307407212)	('>10k+', 80.26142320114364)
its-F08_S213_L001_R2_001	(1.0, 2.663075131042516)	(2.0, 0.41854185418541856)	(3.0, 0.2755863821676285)	(4.0, 0.202784984380791)	(5.0, 0.15288293535235875)	(6.0, 0.15725101921956902)	(7.0, 0.12508603801556628)	(8.0, 0.10483401281304601)	(9.0, 0.09411235241171176)	('>10', 2.27762482130566)	('>50', 1.4153915391539154)	('>100', 2.567374384497273)	('>500', 1.113464287605231)	('>1k', 5.112378884947319)	('>5k', 3.2215280351564566)	('>10k+', 80.09808333774554)
its-F09_S221_L001_R1_001	(1.0, 2.1242796996565843)	(2.0, 0.46128325022797384)	(3.0, 0.2866649851574475)	(4.0, 0.22845889680060535)	(5.0, 0.17946877243359655)	(6.0, 0.1498806775188685)	(7.0, 0.14430259405133777)	(8.0, 0.11932248113152635)	(9.0, 0.11786732892260532)	('>10', 2.221168584233911)	('>50', 1.2663462098135465)	('>100', 3.811043635164238)	('>500', 1.5069313750218272)	('>1k', 3.2097019848276127)	('>5k', 2.9195203818319397)	('>10k+', 81.25375914320638)
its-F09_S221_L001_R2_001	(1.0, 2.993005568382453)	(2.0, 0.45449253991967564)	(3.0, 0.2517413321433422)	(4.0, 0.18189402611513164)	(5.0, 0.14490890747172155)	(6.0, 0.122960361653829)	(7.0, 0.10610484856716013)	(8.0, 0.10186065462447372)	(9.0, 0.1069536873556974)	('>10', 2.5740429948972663)	('>50', 1.4347800779961584)	('>100', 2.9469257484332863)	('>500', 1.166304495450224)	('>1k', 2.942075241070216)	('>5k', 3.9069624182689506)	('>10k+', 80.5649870976504)
its-F10_S229_L001_R1_001	(1.0, 1.7830380937451014)	(2.0, 0.42389089198934005)	(3.0, 0.2534880075246904)	(4.0, 0.18999843235616867)	(5.0, 0.14500705439724096)	(6.0, 0.14767204891048755)	(7.0, 0.1185138736479072)	(8.0, 0.10409155039974918)	(9.0, 0.08747452578774104)	('>10', 2.035742279354131)	('>50', 1.1722840570622355)	('>100', 4.184511678946543)	('>500', 1.2848408841511207)	('>1k', 3.03495845743847)	('>5k', 3.5861420285311176)	('>10k+', 81.44834613575796)
its-F10_S229_L001_R2_001	(1.0, 2.4489731932904846)	(2.0, 0.3430004702931494)	(3.0, 0.21445367612478444)	(4.0, 0.13669854209123689)	(5.0, 0.12384386267440038)	(6.0, 0.09593980247687725)	(7.0, 0.0921774572817056)	(8.0, 0.080263364163662)	(9.0, 0.0888854052359304)	('>10', 2.322777864869102)	('>50', 1.4865966452422008)	('>100', 2.8223859539112715)	('>500', 0.5141871766734598)	('>1k', 3.3078852484715475)	('>5k', 0.9247530960965669)	('>10k+', 84.99717824110363)
its-F11_S237_L001_R1_001	(1.0, 2.870803327491601)	(2.0, 0.5609593706234838)	(3.0, 0.319700923707995)	(4.0, 0.22729185958414005)	(5.0, 0.18701834406018258)	(6.0, 0.12914310203644325)	(7.0, 0.11316762200674987)	(8.0, 0.10254918917264233)	(9.0, 0.12569928598213806)	('>10', 2.0927878838898284)	('>50', 1.1494692696814088)	('>100', 4.702243837482494)	('>500', 2.763662383579885)	('>1k', 2.8222072565030727)	('>5k', 0.633183846206828)	('>10k+', 81.2001124979911)
its-F11_S237_L001_R2_001	(1.0, 1.9117005563676157)	(2.0, 0.2617300201271916)	(3.0, 0.15439775310134768)	(4.0, 0.11135005242253328)	(5.0, 0.08466047800166833)	(6.0, 0.07002425977087143)	(7.0, 0.06294530454813307)	(8.0, 0.051274594586321165)	(9.0, 0.05165724081457729)	('>10', 1.6228026540342393)	('>50', 1.5137484789812428)	('>100', 2.9793791947592774)	('>500', 0.8769294936059815)	('>1k', 1.0177433056042366)	('>5k', 1.2165280211832952)	('>10k+', 88.01312859209148)
its-F12_S245_L001_R1_001	(1.0, 2.2587833969901143)	(2.0, 0.44909652576111037)	(3.0, 0.2789249328115607)	(4.0, 0.2034235134109559)	(5.0, 0.1519156366177972)	(6.0, 0.15178523692971327)	(7.0, 0.12414050305591669)	(8.0, 0.113708528009201)	(9.0, 0.10562374734799634)	('>10', 2.211448310215642)	('>50', 1.4985532154607086)	('>100', 4.820615669087319)	('>500', 1.5423675106569146)	('>1k', 1.7673069726017214)	('>5k', 0.67247119144891)	('>10k+', 83.64983510959442)
its-F12_S245_L001_R2_001	(1.0, 2.388661486321725)	(2.0, 0.3445159759177856)	(3.0, 0.181516365812853)	(4.0, 0.13874526812131865)	(5.0, 0.11149173331177391)	(6.0, 0.12127170991806988)	(7.0, 0.09584377074170039)	(8.0, 0.10119015795314217)	(9.0, 0.08449899787839707)	('>10', 2.779730150885479)	('>50', 1.497379618267953)	('>100', 2.2946433112132)	('>500', 0.4412725444760736)	('>1k', 1.8960114647405764)	('>5k', 1.1675988071036534)	('>10k+', 86.3556286373363)
its-G01_S158_L001_R1_001	(1.0, 1.9177710863357151)	(2.0, 0.4488763400655306)	(3.0, 0.29713414824861456)	(4.0, 0.21609756236262875)	(5.0, 0.18387248727346484)	(6.0, 0.1586611049978248)	(7.0, 0.13070111337634432)	(8.0, 0.14709798981877187)	(9.0, 0.12198138717574704)	('>10', 2.1141544851143848)	('>50', 1.3391414292199921)	('>100', 3.9243506884318617)	('>500', 1.4720224741464858)	('>1k', 4.6835355456795185)	('>5k', 1.219150414329164)	('>10k+', 81.62545174342395)
its-G01_S158_L001_R2_001	(1.0, 2.18713480222808)	(2.0, 0.34101711814944663)	(3.0, 0.19420346722852033)	(4.0, 0.14141121186186056)	(5.0, 0.11420945730130161)	(6.0, 0.1006559698373297)	(7.0, 0.0809418062533706)	(8.0, 0.09174668437150205)	(9.0, 0.08188960257952249)	('>10', 2.044112336611761)	('>50', 1.4220736077582816)	('>100', 3.172937761058651)	('>500', 0.775676513322699)	('>1k', 2.6724065212178427)	('>5k', 4.168976920211661)	('>10k+', 82.41060622000816)
its-G02_S166_L001_R1_001	(1.0, 3.374925924324544)	(2.0, 0.840838396760763)	(3.0, 0.5016798964339397)	(4.0, 0.3896444113241043)	(5.0, 0.32682315179600135)	(6.0, 0.2540827460266189)	(7.0, 0.23945836374780952)	(8.0, 0.21364314981217208)	(9.0, 0.18312269983900462)	('>10', 3.422486958866063)	('>50', 2.2442704213602456)	('>100', 4.975977862500286)	('>500', 2.512977549665674)	('>1k', 9.46197533438968)	('>5k', 2.194929027236958)	('>10k+', 68.86316410591613)
its-G02_S166_L001_R2_001	(1.0, 2.6905048336762647)	(2.0, 0.5608132682569517)	(3.0, 0.3567077590613944)	(4.0, 0.26247586976924)	(5.0, 0.23653348729204765)	(6.0, 0.20906508231619694)	(7.0, 0.18159667734034626)	(8.0, 0.1882094415011992)	(9.0, 0.13734202487925348)	('>10', 3.0720104583408574)	('>50', 1.492195666604778)	('>100', 2.511324358625461)	('>500', 1.7207175357788693)	('>1k', 10.149194132952166)	('>5k', 10.324813888839435)	('>10k+', 65.90649551476554)
its-G03_S174_L001_R1_001	(1.0, 2.0373756593229477)	(2.0, 0.4980758752699337)	(3.0, 0.31707407523627223)	(4.0, 0.24590000256740144)	(5.0, 0.20895794881742638)	(6.0, 0.1780064983782581)	(7.0, 0.14477291334449677)	(8.0, 0.1357870083782866)	(9.0, 0.12837007094585923)	('>10', 2.552995444288815)	('>50', 1.7044692753366861)	('>100', 4.092437861753992)	('>500', 1.2914029137153438)	('>1k', 4.040091399490513)	('>5k', 3.3655779933761045)	('>10k+', 79.05870505977767)
its-G03_S174_L001_R2_001	(1.0, 2.5584155139509743)	(2.0, 0.4310381715537628)	(3.0, 0.25588434141874605)	(4.0, 0.19797517608094733)	(5.0, 0.1775785981417719)	(6.0, 0.15746728702692064)	(7.0, 0.14676978111476569)	(8.0, 0.1255174027026179)	(9.0, 0.1309374723647764)	('>10', 2.9453799611466587)	('>50', 1.205252332769456)	('>100', 1.9820338954040662)	('>500', 0.7891906694927101)	('>1k', 4.434615417530787)	('>5k', 3.575391742666503)	('>10k+', 80.88655223663453)
its-G04_S182_L001_R1_001	(1.0, 4.571882807176925)	(2.0, 1.1401317283670225)	(3.0, 0.7222348398818987)	(4.0, 0.7267771973654327)	(5.0, 0.4883034294799001)	(6.0, 0.2861685214626391)	(7.0, 0.4451510333863275)	(8.0, 0.4178968884851238)	(9.0, 0.34749034749034746)	('>10', 3.5180558709970473)	('>50', 1.8964342493754258)	('>100', 3.8223938223938223)	('>500', 2.9502611855553034)	('>1k', 18.00363388598683)	('>5k', 11.685214626391097)	('>10k+', 48.97796956620486)
its-G04_S182_L001_R2_001	(1.0, 4.998864410629116)	(2.0, 1.17192823075176)	(3.0, 0.790370202134908)	(4.0, 0.590506472859414)	(5.0, 0.3861003861003861)	(6.0, 0.4088121735180559)	(7.0, 0.2861685214626391)	(8.0, 0.19986372927549398)	(9.0, 0.14308426073131955)	('>10', 1.692028162616398)	('>50', 0.3452191687485805)	('>100', 7.260958437429026)	('>500', 9.227799227799228)	('>1k', 34.1335453100159)	('>5k', 38.364751305927776)	('>10k+', 0.0)
its-G05_S190_L001_R1_001	(1.0, 2.27690688830403)	(2.0, 0.5120676549992665)	(3.0, 0.2931296377339551)	(4.0, 0.25215452708297215)	(5.0, 0.20669397532522477)	(6.0, 0.1760232564059979)	(7.0, 0.15529324480446507)	(8.0, 0.15226254135394857)	(9.0, 0.11892480339826716)	('>10', 2.5696728416239236)	('>50', 1.591967908487303)	('>100', 4.417795805748881)	('>500', 1.2973835330971002)	('>1k', 4.092055798887368)	('>5k', 1.8671557817942008)	('>10k+', 80.0205118009531)
its-G05_S190_L001_R2_001	(1.0, 2.6313779638764396)	(2.0, 0.4155700571348214)	(3.0, 0.2673080443355546)	(4.0, 0.214816260572609)	(5.0, 0.18911589531222914)	(6.0, 0.1702043057810062)	(7.0, 0.15359605087217584)	(8.0, 0.12704708864565137)	(9.0, 0.12219796312482499)	('>10', 2.851649490659978)	('>50', 1.2274348974591796)	('>100', 2.5519735334729075)	('>500', 0.9432761419387531)	('>1k', 3.582170250372473)	('>5k', 3.8658440933408174)	('>10k+', 80.68641796310058)
its-G06_S198_L001_R1_001	(1.0, 1.8999156120815635)	(2.0, 0.4455302110331266)	(3.0, 0.27786265826692863)	(4.0, 0.2343229254900595)	(5.0, 0.1971162447534622)	(6.0, 0.1814419409537893)	(7.0, 0.1396437974879949)	(8.0, 0.12412781998932881)	(9.0, 0.12111962027019965)	('>10', 2.477489958154359)	('>50', 1.5745550635125956)	('>100', 3.9336169485138703)	('>500', 1.1051175810274427)	('>1k', 2.4391749933107136)	('>5k', 4.654634923298824)	('>10k+', 80.19432970185574)
its-G06_S198_L001_R2_001	(1.0, 2.574702306972532)	(2.0, 0.4129149930257265)	(3.0, 0.26076341775819456)	(4.0, 0.17795876233163976)	(5.0, 0.17732545712761258)	(6.0, 0.14439358651819884)	(7.0, 0.1651343319500892)	(8.0, 0.12539443039738318)	(9.0, 0.12824430381550553)	('>10', 2.6047843041638234)	('>50', 1.3546398314141548)	('>100', 2.3292965404119967)	('>500', 0.8096807033487595)	('>1k', 0.8388127427340103)	('>5k', 4.423320197527893)	('>10k+', 83.47263409050248)
its-G07_S206_L001_R1_001	(1.0, 2.282527051649128)	(2.0, 0.4572193507604209)	(3.0, 0.2775443423939315)	(4.0, 0.20228312200200796)	(5.0, 0.20377049789908155)	(6.0, 0.15260476703975012)	(7.0, 0.1259807384821329)	(8.0, 0.11899007176588702)	(9.0, 0.11378425612612948)	('>10', 2.1192131781504484)	('>50', 1.3813259956122412)	('>100', 4.582605138883725)	('>500', 1.2928271297363627)	('>1k', 2.762057040865653)	('>5k', 1.397389655300636)	('>10k+', 82.52987766333246)
its-G07_S206_L001_R2_001	(1.0, 1.7028966645595507)	(2.0, 0.25969583162904847)	(3.0, 0.15349719257799427)	(4.0, 0.12612947607184025)	(5.0, 0.09667943330978322)	(6.0, 0.07853344736548544)	(7.0, 0.05518164578143011)	(8.0, 0.04640612798869594)	(9.0, 0.05086825567991671)	('>10', 1.021827241289555)	('>50', 1.1357602350053917)	('>100', 2.8148588852117653)	('>500', 1.1741345331498902)	('>1k', 0.49975830141672556)	('>5k', 1.5898560963819581)	('>10k+', 89.19391663258097)
its-G08_S214_L001_R1_001	(1.0, 2.645201683806682)	(2.0, 0.5221932114882507)	(3.0, 0.30532317365588535)	(4.0, 0.2648265572547557)	(5.0, 0.21647040017051208)	(6.0, 0.19342462833697446)	(7.0, 0.18090264826557256)	(8.0, 0.1598550647413012)	(9.0, 0.14027281931049182)	('>10', 2.7802792135130816)	('>50', 1.1452283263174723)	('>100', 3.31939041935312)	('>500', 1.6130708157936804)	('>1k', 2.247029360046891)	('>5k', 4.715990834976288)	('>10k+', 79.55054084296904)
its-G08_S214_L001_R2_001	(1.0, 2.8576757073586614)	(2.0, 0.4294772739382959)	(3.0, 0.2821441892683967)	(4.0, 0.18862897639473544)	(5.0, 0.17983694783396387)	(6.0, 0.1470666595619971)	(7.0, 0.1165609847071988)	(8.0, 0.11189854531891084)	(9.0, 0.09471412585922097)	('>10', 2.3356157084243616)	('>50', 1.277908030052752)	('>100', 2.3442745244311824)	('>500', 1.175067938402515)	('>1k', 4.7686097937869665)	('>5k', 2.3162998881014545)	('>10k+', 81.37422070655938)
its-G09_S222_L001_R1_001	(1.0, 1.5783629128185674)	(2.0, 0.39360276944599226)	(3.0, 0.24619932265547506)	(4.0, 0.1912688156745585)	(5.0, 0.15214564883203516)	(6.0, 0.150169731314736)	(7.0, 0.11987232938281557)	(8.0, 0.1074899129410742)	(9.0, 0.10314289440301605)	('>10', 1.985401921382194)	('>50', 1.34546810144624)	('>100', 3.719730590232908)	('>500', 1.0484218346789331)	('>1k', 3.2505160437916016)	('>5k', 2.8578353691870153)	('>10k+', 82.75037180181283)
its-G09_S222_L001_R2_001	(1.0, 2.784199509709)	(2.0, 0.43470185380581466)	(3.0, 0.23473900105513995)	(4.0, 0.172826918846433)	(5.0, 0.12250688607254778)	(6.0, 0.1391045932178607)	(7.0, 0.10696300160312774)	(8.0, 0.09800550885803823)	(9.0, 0.08180298521618513)	('>10', 2.7550876582874593)	('>50', 1.5258035068584097)	('>100', 2.394153391794146)	('>500', 1.1372063951229088)	('>1k', 2.693834215251185)	('>5k', 3.7340889241919486)	('>10k+', 81.5849756501098)
its-G10_S230_L001_R1_001	(1.0, 2.806595593889953)	(2.0, 0.6201275690999292)	(3.0, 0.3822549270926007)	(4.0, 0.29253434262707906)	(5.0, 0.22335901804967054)	(6.0, 0.2001749174419832)	(7.0, 0.1649275449733854)	(8.0, 0.14777508029615333)	(9.0, 0.142497398857005)	('>10', 2.491442616523667)	('>50', 1.3015139406185443)	('>100', 4.776678679674895)	('>500', 3.1722635221738016)	('>1k', 3.185269237148846)	('>5k', 1.790264939608245)	('>10k+', 78.30232067192424)
its-G10_S230_L001_R2_001	(1.0, 1.8833783192846478)	(2.0, 0.3147760001206327)	(3.0, 0.21713889349638857)	(4.0, 0.142497398857005)	(5.0, 0.12440249106563928)	(6.0, 0.12553342280259963)	(7.0, 0.09631768626445707)	(8.0, 0.1100773557308081)	(9.0, 0.11535503716995643)	('>10', 2.790008595081201)	('>50', 1.4451422712125097)	('>100', 2.2614864966750607)	('>500', 0.6376570110228147)	('>1k', 2.79811360586275)	('>5k', 1.0809822519112746)	('>10k+', 85.85713316344226)
its-G11_S238_L001_R1_001	(1.0, 2.111078699344648)	(2.0, 0.4617465605175548)	(3.0, 0.28122109542312407)	(4.0, 0.1893493089892131)	(5.0, 0.15779109082434425)	(6.0, 0.1233261946706059)	(7.0, 0.1184471280464321)	(8.0, 0.11377568127860613)	(9.0, 0.08502033117443286)	('>10', 1.8404462165952626)	('>50', 1.0906271053951058)	('>100', 4.854878910909282)	('>500', 1.6669798266166578)	('>1k', 5.471717504118659)	('>5k', 0.5947270785083344)	('>10k+', 80.83886726758773)
its-G11_S238_L001_R2_001	(1.0, 2.0465089240204755)	(2.0, 0.32409459575894917)	(3.0, 0.1787606963154742)	(4.0, 0.12457191380869284)	(5.0, 0.087200339666085)	(6.0, 0.06726883345669413)	(7.0, 0.051593534302433616)	(8.0, 0.05647260092660742)	(9.0, 0.05512307186034658)	('>10', 1.8838387665719574)	('>50', 1.4653809461029235)	('>100', 3.2915013926101864)	('>500', 1.11834435621754)	('>1k', 3.139004608122711)	('>5k', 0.0)	('>10k+', 86.11033542025892)
its-G12_S246_L001_R1_001	(1.0, 2.0436406358038415)	(2.0, 0.43791570887477893)	(3.0, 0.26831770611307487)	(4.0, 0.19295214745949738)	(5.0, 0.16725238997546285)	(6.0, 0.13951296919904463)	(7.0, 0.11207949791648396)	(8.0, 0.1191163362752077)	(9.0, 0.08994915119412086)	('>10', 2.0595500094844343)	('>50', 1.439798318093649)	('>100', 4.95821749745552)	('>500', 1.257554402919166)	('>1k', 2.913964962663963)	('>5k', 1.017180083911748)	('>10k+', 82.78299818266001)
its-G12_S246_L001_R2_001	(1.0, 1.9768416629782755)	(2.0, 0.2857568272629554)	(3.0, 0.16551867617693672)	(4.0, 0.1244194608354053)	(5.0, 0.10453274373466429)	(6.0, 0.09362054512041153)	(7.0, 0.08495197612778083)	(8.0, 0.06771682130713862)	(9.0, 0.08811345423097555)	('>10', 2.211810874260877)	('>50', 1.33965085043761)	('>100', 2.58037803119461)	('>500', 0.7708907413564169)	('>1k', 0.5672303616119051)	('>5k', 2.2899299783591722)	('>10k+', 87.24863699500487)
its-H01_S159_L001_R1_001	(1.0, 2.5080153653040544)	(2.0, 0.6019085643422107)	(3.0, 0.38224218501882856)	(4.0, 0.2737322867988446)	(5.0, 0.27032953737731197)	(6.0, 0.18601696837711537)	(7.0, 0.19849371625606824)	(8.0, 0.1920663006820622)	(9.0, 0.14631822512590173)	('>10', 2.803865523342861)	('>50', 1.626136140223523)	('>100', 4.353250759947371)	('>500', 1.453163044628949)	('>1k', 6.074663883973806)	('>5k', 5.847057756000181)	('>10k+', 73.08273974260091)
its-H01_S159_L001_R2_001	(1.0, 3.5099360283108756)	(2.0, 0.5285604101447303)	(3.0, 0.3017104487092237)	(4.0, 0.22684996143550656)	(5.0, 0.17486351193986963)	(6.0, 0.14631822512590173)	(7.0, 0.1402688928209549)	(8.0, 0.161819639157328)	(9.0, 0.14121410099360285)	('>10', 3.191400874128518)	('>50', 1.771320115542247)	('>100', 3.2706093189964163)	('>500', 0.980180875035918)	('>1k', 5.80660284621085)	('>5k', 7.162031365788001)	('>10k+', 72.48631338566007)
its-H02_S167_L001_R1_001	(1.0, 4.285845610600854)	(2.0, 0.9665897901080687)	(3.0, 0.5876595549090594)	(4.0, 0.44395536653355216)	(5.0, 0.3643299978099644)	(6.0, 0.28876025058333354)	(7.0, 0.243202102434184)	(8.0, 0.23468529729057447)	(9.0, 0.20562000989571647)	('>10', 4.007359601143144)	('>50', 2.423233844431767)	('>100', 5.605815220477103)	('>500', 2.5157020145623847)	('>1k', 7.660122696069021)	('>5k', 7.670126562428181)	('>10k+', 62.49699208072309)
its-H02_S167_L001_R2_001	(1.0, 2.889630316581814)	(2.0, 0.613480345106352)	(3.0, 0.3852840422109085)	(4.0, 0.2930862468467543)	(5.0, 0.2575319650567652)	(6.0, 0.21575906363810876)	(7.0, 0.18074553138104726)	(8.0, 0.19899582811735345)	(9.0, 0.1739861622194524)	('>10', 3.190962993805714)	('>50', 1.4949020837783251)	('>100', 3.00616184092771)	('>500', 2.195307916302787)	('>1k', 14.306610392665272)	('>5k', 5.577696244764869)	('>10k+', 65.01985902659678)
its-H03_S175_L001_R1_001	(1.0, 1.9828738969822919)	(2.0, 0.4579662488048069)	(3.0, 0.29002176927392237)	(4.0, 0.21781034740279975)	(5.0, 0.16582753230990696)	(6.0, 0.1538314980577009)	(7.0, 0.14653979096322273)	(8.0, 0.12043077523783315)	(9.0, 0.13230920131109597)	('>10', 2.3540453097270198)	('>50', 1.2658168299656232)	('>100', 4.0710071141187445)	('>500', 1.6613331357515928)	('>1k', 2.760381567975763)	('>5k', 3.610335877198244)	('>10k+', 80.60946910491943)
its-H03_S175_L001_R2_001	(1.0, 2.3347575683803354)	(2.0, 0.38693090872311625)	(3.0, 0.2434489304124166)	(4.0, 0.1811165955725225)	(5.0, 0.15877104157331517)	(6.0, 0.1340733239952439)	(7.0, 0.13583744667939188)	(8.0, 0.125135102395561)	(9.0, 0.09843804577545541)	('>10', 2.514698082163426)	('>50', 1.314741832405993)	('>100', 2.4595398462390667)	('>500', 0.5064208185294038)	('>1k', 5.34058740581055)	('>5k', 0.5974495490314379)	('>10k+', 83.46805350231277)
its-H04_S183_L001_R1_001	(1.0, 1.9581451013868152)	(2.0, 0.49172099149878984)	(3.0, 0.27975023898663276)	(4.0, 0.22550533550312946)	(5.0, 0.19502588089353826)	(6.0, 0.1560207047148306)	(7.0, 0.14994612809683516)	(8.0, 0.12873839569365803)	(9.0, 0.10358751706476459)	('>10', 2.389972898862562)	('>50', 1.326389133115288)	('>100', 4.265525072548562)	('>500', 1.204577886196537)	('>1k', 4.25550734970485)	('>5k', 0.9345256554947742)	('>10k+', 81.93506171023843)
its-H04_S183_L001_R2_001	(1.0, 2.163614991202521)	(2.0, 0.3755580351195786)	(3.0, 0.24074506280792507)	(4.0, 0.18884473275592883)	(5.0, 0.16092299461707255)	(6.0, 0.15090527177336074)	(7.0, 0.1223441045168207)	(8.0, 0.12362296275218818)	(9.0, 0.11893381588917414)	('>10', 2.5953362171586543)	('>50', 1.1015232267298423)	('>100', 1.9113602042762887)	('>500', 0.46561096919337086)	('>1k', 2.4503989504836747)	('>5k', 4.668365416689313)	('>10k+', 83.16191304403429)
its-H05_S191_L001_R1_001	(1.0, 2.0602822447067286)	(2.0, 0.4841320170747636)	(3.0, 0.2807539776437962)	(4.0, 0.22573897570348214)	(5.0, 0.17746774819456143)	(6.0, 0.1597209733751053)	(7.0, 0.1565265539076032)	(8.0, 0.12304430541489593)	(9.0, 0.11393429434090843)	('>10', 2.3171372322603236)	('>50', 1.4380803195365963)	('>100', 4.154401673402554)	('>500', 1.8649494098605814)	('>1k', 3.907603191579984)	('>5k', 1.4132348347893575)	('>10k+', 81.12299224820876)
its-H05_S191_L001_R2_001	(1.0, 2.4391167311860524)	(2.0, 0.40202360557674655)	(3.0, 0.2523591379326664)	(4.0, 0.1907186733930887)	(5.0, 0.16327032833899652)	(6.0, 0.1384248435917579)	(7.0, 0.1565265539076032)	(8.0, 0.10506090693118038)	(9.0, 0.1054158424275695)	('>10', 2.4580466243268058)	('>50', 1.3679214030836795)	('>100', 2.443375957142722)	('>500', 1.0464681551872639)	('>1k', 3.1399960247224405)	('>5k', 6.21551210093419)	('>10k+', 79.37576311131723)
its-H06_S199_L001_R1_001	(1.0, 1.7692811458120703)	(2.0, 0.4029308702456284)	(3.0, 0.2551541130843029)	(4.0, 0.2109274001496904)	(5.0, 0.154155609988433)	(6.0, 0.1435241886099204)	(7.0, 0.13916530584473022)	(8.0, 0.10206164523372117)	(9.0, 0.09855327617881202)	('>10', 2.1257527046335984)	('>50', 1.2822557324624073)	('>100', 3.89152548139076)	('>500', 1.2572718922229025)	('>1k', 2.0687682860447714)	('>5k', 3.147857555963802)	('>10k+', 82.95081479213445)
its-H06_S199_L001_R2_001	(1.0, 2.1137391984758795)	(2.0, 0.3223446961965027)	(3.0, 0.19519289650949173)	(4.0, 0.14416207389263114)	(5.0, 0.11960349050826699)	(6.0, 0.11545723617064707)	(7.0, 0.1034437300129278)	(8.0, 0.07909777505613391)	(9.0, 0.08898499693815065)	('>10', 2.2975564741103627)	('>50', 1.186891882697149)	('>100', 2.446927944478465)	('>500', 0.43121045111247197)	('>1k', 0.9503427570252432)	('>5k', 1.6420230319112745)	('>10k+', 87.7630213649044)
its-H07_S207_L001_R1_001	(1.0, 1.7699278485064887)	(2.0, 0.3946169568322293)	(3.0, 0.24009456031914106)	(4.0, 0.1896131399443473)	(5.0, 0.1662193109901746)	(6.0, 0.14405673619148465)	(7.0, 0.10342534906055308)	(8.0, 0.10219409490507031)	(9.0, 0.09280578196951414)	('>10', 2.0865140732349974)	('>50', 1.4822760964318253)	('>100', 4.0691410771011345)	('>500', 1.1558398384594548)	('>1k', 2.6301127828806425)	('>5k', 1.3756187052131301)	('>10k+', 83.99754364795982)
its-H07_S207_L001_R2_001	(1.0, 1.8635031643231796)	(2.0, 0.29550099731586593)	(3.0, 0.18930532640547662)	(4.0, 0.15821615897953656)	(5.0, 0.09080499396685464)	(6.0, 0.09511438351104434)	(7.0, 0.09157452781403137)	(8.0, 0.07633775763993204)	(9.0, 0.06094708069639735)	('>10', 1.1258280184195621)	('>50', 1.1995493609790933)	('>100', 2.6381159348912804)	('>500', 1.3442217242483192)	('>1k', 1.6797384816173755)	('>5k', 3.7782572828683296)	('>10k+', 85.31298480632373)
its-H08_S215_L001_R1_001	(1.0, 2.0912320972599363)	(2.0, 0.4570050779627523)	(3.0, 0.2853100056344677)	(4.0, 0.22075080727922314)	(5.0, 0.19090085535152945)	(6.0, 0.1756287869234071)	(7.0, 0.136870128412642)	(8.0, 0.1332835062817951)	(9.0, 0.1322422288889686)	('>10', 2.6654387306597185)	('>50', 1.203832363595554)	('>100', 3.482494391564265)	('>500', 1.6020631176076536)	('>1k', 1.2896798997596963)	('>5k', 4.807462025191971)	('>10k+', 81.12580597762641)
its-H08_S215_L001_R2_001	(1.0, 2.661042226112229)	(2.0, 0.41165166263075265)	(3.0, 0.23775833802872304)	(4.0, 0.18095087137563157)	(5.0, 0.13941547315066244)	(6.0, 0.13120095149614208)	(7.0, 0.11419342074664217)	(8.0, 0.10921842875869323)	(9.0, 0.10100390710417285)	('>10', 2.208896442649334)	('>50', 1.3342234326750533)	('>100', 2.4530181425231077)	('>500', 0.5677275740666394)	('>1k', 4.471592217261371)	('>5k', 3.5313187315390198)	('>10k+', 81.34678817988183)
its-H09_S223_L001_R1_001	(1.0, 2.377439478938995)	(2.0, 0.5182989984907607)	(3.0, 0.32679047784123816)	(4.0, 0.23899812437203102)	(5.0, 0.2240607415987791)	(6.0, 0.17924859327902326)	(7.0, 0.147964640678439)	(8.0, 0.12513581040233698)	(9.0, 0.12048549312387176)	('>10', 2.44310759565914)	('>50', 1.582517061732257)	('>100', 4.13892329653946)	('>500', 1.137073033937452)	('>1k', 3.7894449071275274)	('>5k', 3.3955771255120637)	('>10k+', 79.25493462076662)
its-H09_S223_L001_R2_001	(1.0, 2.4187286596235498)	(2.0, 0.3863990902288379)	(3.0, 0.22997932722591663)	(4.0, 0.17586654434923038)	(5.0, 0.1381003312998764)	(6.0, 0.12259927370499232)	(7.0, 0.11245312691561364)	(8.0, 0.10484351682357965)	(9.0, 0.10780280963714843)	('>10', 2.9188491451166736)	('>50', 1.4687956664679713)	('>100', 1.9308681015009252)	('>500', 0.989812986786053)	('>1k', 3.4223516795395903)	('>5k', 4.61269198412128)	('>10k+', 80.85985775665876)
its-H10_S231_L001_R1_001	(1.0, 2.6830273911178426)	(2.0, 0.5586227672095099)	(3.0, 0.3302593347891213)	(4.0, 0.25543386969818543)	(5.0, 0.19504597115540792)	(6.0, 0.17241786204627518)	(7.0, 0.1564532451901386)	(8.0, 0.1310486809755908)	(9.0, 0.12618988454111443)	('>10', 2.3688714959401285)	('>50', 1.335752551215185)	('>100', 4.102767709271833)	('>500', 2.1194070047185853)	('>1k', 2.949011790216605)	('>5k', 3.6325750371697927)	('>10k+', 78.88311540474469)
its-H10_S231_L001_R2_001	(1.0, 1.9464338516512272)	(2.0, 0.3129064903802772)	(3.0, 0.17200139378046292)	(4.0, 0.12938280791234175)	(5.0, 0.1221640246382626)	(6.0, 0.1032841299214402)	(7.0, 0.09814768797642234)	(8.0, 0.08329365316245178)	(9.0, 0.08371012142826403)	('>10', 2.3211164681269896)	('>50', 1.3667100256405629)	('>100', 2.2693355804109987)	('>500', 0.723821845981706)	('>1k', 2.088588353048478)	('>5k', 3.9610296761403943)	('>10k+', 84.21807388979971)
its-H11_S239_L001_R1_001	(1.0, 2.369089070113891)	(2.0, 0.49036062897800947)	(3.0, 0.2912544675473412)	(4.0, 0.22334994196850722)	(5.0, 0.18319960858909973)	(6.0, 0.14809549197322433)	(7.0, 0.13668665407306485)	(8.0, 0.1114555702554044)	(9.0, 0.10070493454179255)	('>10', 2.156380063494571)	('>50', 1.3988990471426346)	('>100', 4.643067924271644)	('>500', 1.7333754582732723)	('>1k', 4.44714307340929)	('>5k', 2.3512079107126795)	('>10k+', 79.21573015465557)
its-H11_S239_L001_R2_001	(1.0, 2.0841972237031774)	(2.0, 0.30847742476200507)	(3.0, 0.18890402753917948)	(4.0, 0.12549721690175455)	(5.0, 0.10311834255913399)	(6.0, 0.08227527331845796)	(7.0, 0.07832606019917199)	(8.0, 0.08863789445508538)	(9.0, 0.07898426238571965)	('>10', 2.0292373411264473)	('>50', 1.6163251694322127)	('>100', 2.656942826364069)	('>500', 1.2390656161759768)	('>1k', 2.8403618356820184)	('>5k', 2.4565202605603056)	('>10k+', 84.02312922483529)
its-H12_S247_L001_R1_001	(1.0, 2.535950856577635)	(2.0, 0.5710517568016777)	(3.0, 0.35633305316754005)	(4.0, 0.2816071607133688)	(5.0, 0.21215126790786418)	(6.0, 0.17269383464092383)	(7.0, 0.1371551190614536)	(8.0, 0.14593845180923143)	(9.0, 0.12039922274261591)	('>10', 2.3086652307043694)	('>50', 1.8761198749253416)	('>100', 5.78848653717782)	('>500', 1.486410157316246)	('>1k', 2.4092006086173954)	('>5k', 0.7838786656901402)	('>10k+', 80.81395820214638)
its-H12_S247_L001_R2_001	(1.0, 1.3302019626019206)	(2.0, 0.24404152219210368)	(3.0, 0.1414792213372827)	(4.0, 0.11188614638707742)	(5.0, 0.11891281258529966)	(6.0, 0.11269691556379537)	(7.0, 0.11066999262200049)	(8.0, 0.08756307108553885)	(9.0, 0.11066999262200049)	('>10', 2.587569827495345)	('>50', 1.151427359135612)	('>100', 2.152457035990044)	('>500', 0.6376699574886695)	('>1k', 2.337717792870096)	('>5k', 0.0)	('>10k+', 88.76503639002321)
