Sample	fastqc-percent_duplicates	fastqc-percent_gc	fastqc-avg_sequence_length	fastqc-median_sequence_length	fastqc-percent_fails	fastqc-total_sequences
its-A01_S152_L001_R1_001	96.53423556663087	53.0	250.3317422692248	251	36.36363636363637	0.740385
its-A01_S152_L001_R2_001	95.71358144749016	52.0	250.1922148611871	251	36.36363636363637	0.740385
its-A02_S160_L001_R1_001	96.1761161851155	56.0	249.7099140233458	251	36.36363636363637	0.724499
its-A02_S160_L001_R2_001	95.80855184065126	55.0	249.44602131956015	251	36.36363636363637	0.724499
its-A03_S168_L001_R1_001	95.75934318423589	55.0	248.993872365117	251	36.36363636363637	0.599742
its-A03_S168_L001_R2_001	94.61134954697187	54.0	248.73245662301457	251	36.36363636363637	0.599742
its-A04_S176_L001_R1_001	96.06788533680519	55.0	250.37770735930266	251	36.36363636363637	0.738127
its-A04_S176_L001_R2_001	97.52576453645511	54.0	249.88734188019134	251	36.36363636363637	0.738127
its-A05_S184_L001_R1_001	96.87831789849072	48.0	250.12438214062556	251	36.36363636363637	0.787396
its-A05_S184_L001_R2_001	97.66165944454886	47.0	249.68875127635903	251	36.36363636363637	0.787396
its-A06_S192_L001_R1_001	97.12756145347404	56.0	250.40018909651445	251	36.36363636363637	0.864109
its-A06_S192_L001_R2_001	97.50702746991409	55.0	249.71616196567794	251	36.36363636363637	0.864109
its-A07_S200_L001_R1_001	98.01188525399301	49.0	250.49881802094623	251	36.36363636363637	0.9623689999999999
its-A07_S200_L001_R2_001	97.81601443936785	49.0	250.0027556997368	251	36.36363636363637	0.9623689999999999
its-A08_S208_L001_R1_001	97.03823457913566	49.0	250.47270787215413	251	36.36363636363637	0.929682
its-A08_S208_L001_R2_001	98.26639646674884	50.0	249.86358776441838	251	36.36363636363637	0.929682
its-A09_S216_L001_R1_001	96.94000292550888	58.0	250.44296890865738	251	36.36363636363637	0.704151
its-A09_S216_L001_R2_001	96.88390700290137	56.0	250.4315707852435	251	36.36363636363637	0.704151
its-A10_S224_L001_R1_001	97.42664095039046	59.0	250.3372267702608	251	36.36363636363637	0.7315729999999999
its-A10_S224_L001_R2_001	96.79567179215198	58.0	250.22458045881956	251	36.36363636363637	0.7315729999999999
its-A11_S232_L001_R1_001	95.83532905724479	54.0	249.94771755867427	251	36.36363636363637	0.874787
its-A11_S232_L001_R2_001	97.2064056736097	54.0	250.11156087138926	251	36.36363636363637	0.874787
its-A12_S240_L001_R1_001	95.54683578331198	62.0	250.07377914807125	251	36.36363636363637	0.7291219999999999
its-A12_S240_L001_R2_001	98.17204802488473	60.0	248.80415486022915	251	36.36363636363637	0.7291219999999999
its-B01_S153_L001_R1_001	96.08911096176685	53.0	250.29411243475138	251	36.36363636363637	0.868984
its-B01_S153_L001_R2_001	96.10936449923129	53.0	250.13226825810372	251	36.36363636363637	0.868984
its-B02_S161_L001_R1_001	95.04969233818508	56.0	249.8493850489323	251	36.36363636363637	0.671029
its-B02_S161_L001_R2_001	97.28312785289458	55.0	249.57666360172212	251	36.36363636363637	0.671029
its-B03_S169_L001_R1_001	95.45271414043285	55.0	249.2466331142353	251	36.36363636363637	0.6155539999999999
its-B03_S169_L001_R2_001	95.6991588065385	54.0	248.98632776328316	251	36.36363636363637	0.6155539999999999
its-B04_S177_L001_R1_001	96.31030775708078	56.0	250.64557044812602	251	36.36363636363637	0.978564
its-B04_S177_L001_R2_001	96.9113926120315	55.0	250.21368658564998	251	36.36363636363637	0.978564
its-B05_S185_L001_R1_001	96.97746053372035	50.0	250.06644292568788	251	36.36363636363637	0.540208
its-B05_S185_L001_R2_001	96.61389686935402	49.0	249.58044864200457	251	36.36363636363637	0.540208
its-B06_S193_L001_R1_001	97.62549654848718	55.0	250.32574153148718	251	36.36363636363637	0.8735299999999999
its-B06_S193_L001_R2_001	97.66670864194704	55.0	249.61744416333727	251	36.36363636363637	0.8735299999999999
its-B07_S201_L001_R1_001	95.19276253547777	49.0	250.56641944857412	251	36.36363636363637	0.7103039999999999
its-B07_S201_L001_R2_001	98.2713035545344	50.0	250.0772204577195	251	36.36363636363637	0.7103039999999999
its-B08_S209_L001_R1_001	97.2149588281309	50.0	250.5336161792408	251	36.36363636363637	0.8207059999999999
its-B08_S209_L001_R2_001	97.66530280027196	50.0	249.9515819306792	251	36.36363636363637	0.8207059999999999
its-B09_S217_L001_R1_001	96.8908643758038	59.0	250.54803065514466	251	36.36363636363637	0.6648149999999999
its-B09_S217_L001_R2_001	97.72297556463076	57.0	250.5177801343231	251	36.36363636363637	0.6648149999999999
its-B10_S225_L001_R1_001	97.57798137143467	60.0	250.42801074079443	251	36.36363636363637	0.786534
its-B10_S225_L001_R2_001	96.8314147894433	58.0	250.2812859965367	251	36.36363636363637	0.786534
its-B11_S233_L001_R1_001	96.89282530806885	55.0	250.2854877578059	251	36.36363636363637	0.862713
its-B11_S233_L001_R2_001	96.62483351937435	54.0	250.32173851558977	251	36.36363636363637	0.862713
its-B12_S241_L001_R1_001	97.26933532140258	62.0	250.12552734826028	251	36.36363636363637	0.853089
its-B12_S241_L001_R2_001	97.10475694798549	60.0	248.9185196386309	251	36.36363636363637	0.853089
its-C01_S154_L001_R1_001	96.42867565025512	54.0	250.28386523270458	251	36.36363636363637	0.8909579999999999
its-C01_S154_L001_R2_001	96.0752358697043	54.0	250.16228486640225	251	36.36363636363637	0.8909579999999999
its-C02_S162_L001_R1_001	96.21871107511808	56.0	249.9955345581011	251	36.36363636363637	0.973028
its-C02_S162_L001_R2_001	96.18983215282603	55.0	249.6780185153973	251	36.36363636363637	0.973028
its-C03_S170_L001_R1_001	94.61148730493176	57.0	249.78449484903285	251	36.36363636363637	0.763643
its-C03_S170_L001_R2_001	96.45750697642747	56.0	249.49362071020096	251	36.36363636363637	0.763643
its-C04_S178_L001_R1_001	97.13287865529304	56.0	250.68603167605193	251	36.36363636363637	0.898218
its-C04_S178_L001_R2_001	97.42924323493851	55.0	250.24961980276504	251	36.36363636363637	0.898218
its-C05_S186_L001_R1_001	97.29816014596021	48.0	250.16849003723723	251	36.36363636363637	0.7360909999999999
its-C05_S186_L001_R2_001	97.05878756838489	47.0	249.8286991689886	251	36.36363636363637	0.7360909999999999
its-C06_S194_L001_R1_001	97.09005816325562	56.0	250.42385049291698	251	36.36363636363637	0.843144
its-C06_S194_L001_R2_001	97.75020637044206	56.0	249.690220175913	251	36.36363636363637	0.843144
its-C07_S202_L001_R1_001	97.52651675278712	50.0	250.5541478043048	251	36.36363636363637	0.730953
its-C07_S202_L001_R2_001	97.64458179937698	50.0	250.1323956533457	251	36.36363636363637	0.730953
its-C08_S210_L001_R1_001	96.26532582131341	48.0	250.4066297226805	251	36.36363636363637	0.5843079999999999
its-C08_S210_L001_R2_001	97.63960103233227	48.0	249.7561645570487	251	36.36363636363637	0.5843079999999999
its-C09_S218_L001_R1_001	97.35931017299839	59.0	250.5573689512853	251	36.36363636363637	0.92313
its-C09_S218_L001_R2_001	97.01233845720537	58.0	250.53829579799162	251	36.36363636363637	0.92313
its-C10_S226_L001_R1_001	97.31533545382032	60.0	250.50056130537968	251	36.36363636363637	0.812392
its-C10_S226_L001_R2_001	97.51683916139007	59.0	250.3578998808457	251	36.36363636363637	0.812392
its-C11_S234_L001_R1_001	96.38898295147575	55.0	249.59864790967362	251	36.36363636363637	0.9125129999999999
its-C11_S234_L001_R2_001	97.42622844825225	55.0	250.34988542628983	251	36.36363636363637	0.9125129999999999
its-C12_S242_L001_R1_001	94.9547084217458	63.0	249.95671764103315	251	36.36363636363637	0.68335
its-C12_S242_L001_R2_001	98.1975561571669	61.0	248.67885417428843	251	36.36363636363637	0.68335
its-D01_S155_L001_R1_001	94.23476567370665	54.0	250.29230668748775	251	36.36363636363637	0.6736759999999999
its-D01_S155_L001_R2_001	97.0815347437047	54.0	250.12893735267397	251	36.36363636363637	0.6736759999999999
its-D02_S163_L001_R1_001	96.44461483083461	56.0	249.36333466976095	251	36.36363636363637	0.683414
its-D02_S163_L001_R2_001	95.9438934525778	55.0	249.1225991858522	251	36.36363636363637	0.683414
its-D03_S171_L001_R1_001	95.793111408494	56.0	249.65390421705953	251	36.36363636363637	0.875041
its-D03_S171_L001_R2_001	95.37153116253981	56.0	249.39852418343827	251	36.36363636363637	0.875041
its-D04_S179_L001_R1_001	97.0636492109679	55.0	250.629431961611	251	36.36363636363637	1.0196669999999999
its-D04_S179_L001_R2_001	97.06639520549356	54.0	250.18936672462678	251	36.36363636363637	1.0196669999999999
its-D05_S187_L001_R1_001	97.3223949088705	50.0	250.20572782989987	251	36.36363636363637	0.646772
its-D05_S187_L001_R2_001	97.18138694934227	49.0	249.91252249633564	251	36.36363636363637	0.646772
its-D06_S195_L001_R1_001	97.36141519556918	56.0	250.26359974415314	251	36.36363636363637	0.761393
its-D06_S195_L001_R2_001	97.5711623300976	56.0	249.50815150651502	251	36.36363636363637	0.761393
its-D07_S203_L001_R1_001	97.62322442631337	50.0	250.3709611996135	251	36.36363636363637	0.7741159999999999
its-D07_S203_L001_R2_001	97.36473603439278	50.0	249.83451963271654	251	36.36363636363637	0.7741159999999999
its-D08_S211_L001_R1_001	94.84560109343025	49.0	250.30495757544773	251	36.36363636363637	0.665063
its-D08_S211_L001_R2_001	98.1146147056745	50.0	249.7010644104393	251	36.36363636363637	0.665063
its-D09_S219_L001_R1_001	97.1780542500656	58.0	250.50781604122432	251	36.36363636363637	0.6706719999999999
its-D09_S219_L001_R2_001	96.81871317126702	56.0	250.48993695875183	251	36.36363636363637	0.6706719999999999
its-D10_S227_L001_R1_001	96.96963475475805	59.0	250.44326090892292	251	36.36363636363637	0.535777
its-D10_S227_L001_R2_001	96.6855613436187	58.0	250.29919724064302	251	36.36363636363637	0.535777
its-D11_S235_L001_R1_001	96.7356446077769	55.0	250.0235004188397	251	36.36363636363637	0.925175
its-D11_S235_L001_R2_001	97.0467208906423	54.0	250.1839533061313	251	36.36363636363637	0.925175
its-D12_S243_L001_R1_001	97.53849743350443	63.0	250.27954872452946	251	36.36363636363637	0.822912
its-D12_S243_L001_R2_001	97.19471826878208	61.0	249.01238163983513	251	36.36363636363637	0.822912
its-E01_S156_L001_R1_001	96.58336671965948	58.0	250.40575741878192	251	36.36363636363637	0.783754
its-E01_S156_L001_R2_001	96.5885979529291	57.0	250.13645735779338	251	36.36363636363637	0.783754
its-E02_S164_L001_R1_001	95.57857818019004	53.0	248.88598411355986	251	36.36363636363637	0.48242399999999996
its-E02_S164_L001_R2_001	93.43378438883637	52.0	248.75193605624926	251	36.36363636363637	0.48242399999999996
its-E03_S172_L001_R1_001	97.086518419977	53.0	250.49308949384732	251	36.36363636363637	0.787786
its-E03_S172_L001_R2_001	96.46617228536684	52.0	250.53978745496875	251	36.36363636363637	0.787786
its-E04_S180_L001_R1_001	96.9803821555604	55.0	250.33567544991186	251	36.36363636363637	0.8116589999999999
its-E04_S180_L001_R2_001	97.38350711320888	54.0	249.91055726604398	251	36.36363636363637	0.8116589999999999
its-E05_S188_L001_R1_001	97.30581743985408	49.0	250.08540489827516	251	36.36363636363637	0.914526
its-E05_S188_L001_R2_001	97.6353870748344	48.0	250.10319881556129	251	36.36363636363637	0.914526
its-E06_S196_L001_R1_001	97.26457771321851	51.0	250.4190855640866	251	36.36363636363637	0.72285
its-E06_S196_L001_R2_001	97.22515044615065	51.0	250.0043549837449	251	36.36363636363637	0.72285
its-E07_S204_L001_R1_001	97.73056995951585	42.0	250.05934212986196	251	36.36363636363637	0.9146789999999999
its-E07_S204_L001_R2_001	98.09878656884	41.0	250.65160236542	251	36.36363636363637	0.9146789999999999
its-E08_S212_L001_R1_001	96.77734929877394	61.0	250.3204369662369	251	36.36363636363637	0.8095819999999999
its-E08_S212_L001_R2_001	96.99561008026365	59.0	250.48982067289046	251	36.36363636363637	0.8095819999999999
its-E09_S220_L001_R1_001	96.73244346128386	57.0	249.9942501864374	251	36.36363636363637	0.596715
its-E09_S220_L001_R2_001	96.29638939862413	56.0	249.9656921646012	251	36.36363636363637	0.596715
its-E10_S228_L001_R1_001	97.69831575602296	62.0	249.9796296848001	251	36.36363636363637	0.805584
its-E10_S228_L001_R2_001	97.491509265328	60.0	249.77547344535145	251	36.36363636363637	0.805584
its-E11_S236_L001_R1_001	97.2381461979059	64.0	250.19701572399703	251	36.36363636363637	0.82231
its-E11_S236_L001_R2_001	96.75973781177414	62.0	248.62550619596016	251	36.36363636363637	0.82231
its-E12_S244_L001_R1_001	97.60294026580159	60.0	250.14723926380367	251	36.36363636363637	0.920461
its-E12_S244_L001_R2_001	97.70767039559524	58.0	249.06352903599392	251	36.36363636363637	0.920461
its-F01_S157_L001_R1_001	96.37673346889346	58.0	250.5134653331294	251	36.36363636363637	0.797678
its-F01_S157_L001_R2_001	96.55261897657952	56.0	250.25902431808325	251	36.36363636363637	0.797678
its-F02_S165_L001_R1_001	95.88627331890035	55.0	249.23330492452072	251	36.36363636363637	0.612486
its-F02_S165_L001_R2_001	94.32656419901842	54.0	249.03671594126234	251	36.36363636363637	0.612486
its-F03_S173_L001_R1_001	97.27760349373003	53.0	250.51493501521153	251	36.36363636363637	0.822731
its-F03_S173_L001_R2_001	97.37010031225273	53.0	250.53000555467096	251	36.36363636363637	0.822731
its-F04_S181_L001_R1_001	97.04527219237035	54.0	250.5648800116706	251	36.36363636363637	0.82258
its-F04_S181_L001_R2_001	97.15261737460186	53.0	250.30293345328113	251	36.36363636363637	0.82258
its-F05_S189_L001_R1_001	97.10384096416183	52.0	250.06461608019612	251	36.36363636363637	0.707765
its-F05_S189_L001_R2_001	97.0874513433131	51.0	249.92624105458734	251	36.36363636363637	0.707765
its-F06_S197_L001_R1_001	97.29006836169995	51.0	250.319434254702	251	36.36363636363637	0.823268
its-F06_S197_L001_R2_001	97.29759932367102	51.0	249.9052896505148	251	36.36363636363637	0.823268
its-F07_S205_L001_R1_001	96.32201711568429	42.0	250.1090799951228	251	36.36363636363637	0.7463329999999999
its-F07_S205_L001_R2_001	98.67204049666837	41.0	250.62018964724862	251	36.36363636363637	0.7463329999999999
its-F08_S213_L001_R1_001	97.34989675438132	60.0	250.3473248795468	251	36.36363636363637	0.7554799999999999
its-F08_S213_L001_R2_001	96.74471858950601	59.0	250.55428204585164	251	36.36363636363637	0.7554799999999999
its-F09_S221_L001_R1_001	97.23860615820415	60.0	250.47170577792437	251	36.36363636363637	0.824656
its-F09_S221_L001_R2_001	96.40298500223123	58.0	250.38502842397315	251	36.36363636363637	0.824656
its-F10_S229_L001_R1_001	97.64320426399122	62.0	250.2943188587553	251	36.36363636363637	0.6379
its-F10_S229_L001_R2_001	97.05565135601191	60.0	250.12777081047187	251	36.36363636363637	0.6379
its-F11_S237_L001_R1_001	96.436893984036	65.0	250.18080608254445	251	36.36363636363637	1.045352
its-F11_S237_L001_R2_001	97.71971546426467	62.0	248.75032429267844	251	36.36363636363637	1.045352
its-F12_S245_L001_R1_001	97.12012288866605	59.0	249.64564015162875	251	36.36363636363637	0.7668729999999999
its-F12_S245_L001_R2_001	97.10682212048148	57.0	248.93460846841654	251	36.36363636363637	0.7668729999999999
its-G01_S158_L001_R1_001	97.44521500285761	58.0	250.54665764364563	251	36.36363636363637	1.0550789999999999
its-G01_S158_L001_R2_001	97.34133652551137	56.0	250.2950423617568	251	36.36363636363637	1.0550789999999999
its-G02_S166_L001_R1_001	95.52455751705966	56.0	249.77117801306784	251	36.36363636363637	0.786358
its-G02_S166_L001_R2_001	96.50413679265678	55.0	249.50084185574508	251	36.36363636363637	0.786358
its-G03_S174_L001_R1_001	97.246176711387	53.0	250.47669940578922	251	36.36363636363637	0.701098
its-G03_S174_L001_R2_001	96.80458366733325	52.0	250.53091864475437	251	36.36363636363637	0.701098
its-G04_S182_L001_R1_001	93.86781739722916	54.0	250.68553259141495	251	36.36363636363637	0.04403
its-G04_S182_L001_R2_001	93.60890302066773	53.0	250.5329093799682	251	36.36363636363637	0.04403
its-G05_S190_L001_R1_001	97.01257499475689	51.0	250.0095721737781	251	36.36363636363637	0.8248909999999999
its-G05_S190_L001_R2_001	96.72671904530416	50.0	249.8492528103713	251	36.36363636363637	0.8248909999999999
its-G06_S198_L001_R1_001	97.43669718669996	50.0	250.24201600045598	251	36.36363636363637	0.6316069999999999
its-G06_S198_L001_R2_001	96.81700804455936	51.0	249.84141721038557	251	36.36363636363637	0.6316069999999999
its-G07_S206_L001_R1_001	97.08727178076079	42.0	249.89543301230805	251	36.36363636363637	0.672325
its-G07_S206_L001_R2_001	97.9524783400885	41.0	250.58792994459526	251	36.36363636363637	0.672325
its-G08_S214_L001_R1_001	96.6165343421964	60.0	250.1712101028401	251	36.36363636363637	0.75068
its-G08_S214_L001_R2_001	96.5419353119838	58.0	250.37614429583843	251	36.36363636363637	0.75068
its-G09_S222_L001_R1_001	97.86100342360642	60.0	250.48355839033854	251	36.36363636363637	0.759141
its-G09_S222_L001_R2_001	96.63027026599802	58.0	250.4076489084373	251	36.36363636363637	0.759141
its-G10_S230_L001_R1_001	96.3778141351388	61.0	250.1427631678152	251	36.36363636363637	0.530536
its-G10_S230_L001_R2_001	97.60223622902122	59.0	249.98445534327547	251	36.36363636363637	0.530536
its-G11_S238_L001_R1_001	97.29242945336806	64.0	250.05294929196438	251	36.36363636363637	0.9632989999999999
its-G11_S238_L001_R2_001	97.52755894068197	62.0	248.59914003855502	251	36.36363636363637	0.9632989999999999
its-G12_S246_L001_R1_001	97.3601657838324	60.0	249.93020986095615	251	36.36363636363637	0.9805539999999999
its-G12_S246_L001_R2_001	97.5918715338472	58.0	248.85638016876175	251	36.36363636363637	0.9805539999999999
its-H01_S159_L001_R1_001	96.65207265248098	57.0	250.36347980279177	251	36.36363636363637	0.528984
its-H01_S159_L001_R2_001	95.76376601182645	56.0	250.08196845273204	251	36.36363636363637	0.528984
its-H02_S167_L001_R1_001	94.45583022627665	54.0	249.93696888256812	251	36.36363636363637	0.739714
its-H02_S167_L001_R2_001	96.23800549942275	53.0	249.30024441878888	251	36.36363636363637	0.739714
its-H03_S175_L001_R1_001	97.37086915972485	52.0	250.4833061070399	251	36.36363636363637	0.850281
its-H03_S175_L001_R2_001	97.08907996297694	51.0	250.58008470141047	251	36.36363636363637	0.850281
its-H04_S183_L001_R1_001	97.37194632631986	54.0	250.5684109227282	251	36.36363636363637	0.938337
its-H04_S183_L001_R2_001	97.26462880606861	53.0	250.39397252799367	251	36.36363636363637	0.938337
its-H05_S191_L001_R1_001	97.28225890414849	48.0	249.88755880098057	251	36.36363636363637	0.845224
its-H05_S191_L001_R2_001	96.97003397915819	48.0	249.8615384797403	251	36.36363636363637	0.845224
its-H06_S199_L001_R1_001	97.64928641899708	51.0	250.19623371266246	251	36.36363636363637	0.940608
its-H06_S199_L001_R2_001	97.41018575219432	51.0	249.7669114019868	251	36.36363636363637	0.940608
its-H07_S207_L001_R1_001	97.66954369720997	42.0	250.11845280602822	251	36.36363636363637	0.649744
its-H07_S207_L001_R2_001	97.73864783668645	41.0	250.63493006476398	251	36.36363636363637	0.649744
its-H08_S215_L001_R1_001	97.24605269095002	60.0	250.29336833568007	251	36.36363636363637	0.864323
its-H08_S215_L001_R2_001	96.77736216669	58.0	250.5061394872056	251	36.36363636363637	0.864323
its-H09_S223_L001_R1_001	96.90472063571247	58.0	250.22150024872153	251	36.36363636363637	0.709629
its-H09_S223_L001_R2_001	97.0068866971333	56.0	250.1519216379263	251	36.36363636363637	0.709629
its-H10_S231_L001_R1_001	96.58745902993435	61.0	250.3113502872937	251	36.36363636363637	0.720343
its-H10_S231_L001_R2_001	97.59003696849973	60.0	250.1297423588485	251	36.36363636363637	0.720343
its-H11_S239_L001_R1_001	96.97797436083083	62.0	249.25422620653947	251	36.36363636363637	0.911574
its-H11_S239_L001_R2_001	97.47206480219927	60.0	247.23088635700447	247	36.36363636363637	0.911574
its-H12_S247_L001_R1_001	96.69935868158122	57.0	249.81219342790504	251	36.36363636363637	0.740038
its-H12_S247_L001_R2_001	98.24117139930652	55.0	248.62592596596392	251	36.36363636363637	0.740038
