Sample	0	1	2	3	4	5	6	7	8	9	10	11	12	13	14	15
16s-A01_S56_L001_R1_001	(1.0, 4.653939906272826)	(2.0, 1.6184762358116593)	(3.0, 1.0058025491821443)	(4.0, 0.7211466121703066)	(5.0, 0.5820331628954201)	(6.0, 0.5203417512700771)	(7.0, 0.41843465224373444)	(8.0, 0.3665919803900648)	(9.0, 0.2954621931502015)	('>10', 4.3490393375081045)	('>50', 2.442487463374999)	('>100', 12.698034902839447)	('>500', 9.547122116165886)	('>1k', 34.787937482388536)	('>5k', 18.90698138861759)	('>10k+', 7.0861682657189995)
16s-A01_S56_L001_R2_001	(1.0, 6.191300827020565)	(2.0, 1.4975555975038917)	(3.0, 0.8954145909079718)	(4.0, 0.602961734910226)	(5.0, 0.4746545417737033)	(6.0, 0.3882044926667925)	(7.0, 0.3293856301415209)	(8.0, 0.280141931283154)	(9.0, 0.2831512684356097)	('>10', 5.626639746777958)	('>50', 3.910086477406717)	('>100', 16.041955631427328)	('>500', 11.582254759540282)	('>1k', 39.94224808428333)	('>5k', 11.954044685920953)	('>10k+', 0.0)
16s-A02_S64_L001_R1_001	(1.0, 4.367807280383727)	(2.0, 1.4523230163062515)	(3.0, 0.9131870877011186)	(4.0, 0.6613964664721953)	(5.0, 0.5121725234971537)	(6.0, 0.431414481727667)	(7.0, 0.36638509293783483)	(8.0, 0.3182739191177151)	(9.0, 0.30928611741505535)	('>10', 4.542276372258885)	('>50', 2.7461699408258995)	('>100', 10.638649397751198)	('>500', 9.267216596768884)	('>1k', 32.93791411626779)	('>5k', 11.880419941817202)	('>10k+', 18.655107648751425)
16s-A02_S64_L001_R2_001	(1.0, 6.124129471926998)	(2.0, 1.2966225691631168)	(3.0, 0.7847143927748648)	(4.0, 0.5397967963773872)	(5.0, 0.4355118619156442)	(6.0, 0.3703502995713612)	(7.0, 0.3201243488800274)	(8.0, 0.236855009575974)	(9.0, 0.26646188577297075)	('>10', 6.075225256780173)	('>50', 4.801600886091509)	('>100', 11.270967682244201)	('>500', 13.322829941539638)	('>1k', 25.5359307199097)	('>5k', 6.832844070892607)	('>10k+', 21.786034806583828)
16s-A03_S72_L001_R1_001	(1.0, 3.2334920576493857)	(2.0, 1.1263514711836728)	(3.0, 0.7197807529756626)	(4.0, 0.5728798926519454)	(5.0, 0.47126509860873617)	(6.0, 0.40088207441415336)	(7.0, 0.32324881793328225)	(8.0, 0.3025019993909805)	(9.0, 0.25297733577387305)	('>10', 4.03425232816113)	('>50', 1.871340724108584)	('>100', 6.767143731951104)	('>500', 5.989249578649962)	('>1k', 26.267033863046457)	('>5k', 14.651604030236815)	('>10k+', 33.015996243264254)
16s-A03_S72_L001_R2_001	(1.0, 4.975778647062039)	(2.0, 1.1767684710821698)	(3.0, 0.7248001445584776)	(4.0, 0.5157703706430287)	(5.0, 0.42553286418753344)	(6.0, 0.3352953577320381)	(7.0, 0.27327798617548016)	(8.0, 0.2409307959751172)	(9.0, 0.20278341994572363)	('>10', 3.868612405928236)	('>50', 2.519623032537927)	('>100', 10.70056206031524)	('>500', 8.916893375853158)	('>1k', 31.192841678350696)	('>5k', 19.22382359404053)	('>10k+', 14.706705795612606)
16s-A04_S80_L001_R1_001	(1.0, 3.417686318131257)	(2.0, 1.1409141470320558)	(3.0, 0.7606937000707857)	(4.0, 0.599656183638386)	(5.0, 0.5094043887147335)	(6.0, 0.3943775912630195)	(7.0, 0.37427950247750025)	(8.0, 0.3256143189402366)	(9.0, 0.3151228637880473)	('>10', 3.8887905753867935)	('>50', 1.426837900697745)	('>100', 5.479446860147639)	('>500', 5.457199919102033)	('>1k', 24.349276974416018)	('>5k', 19.830114268379006)	('>10k+', 31.730584487814745)
16s-A04_S80_L001_R2_001	(1.0, 4.786631610880777)	(2.0, 1.1201840428759227)	(3.0, 0.7345282637273739)	(4.0, 0.5202750530892911)	(5.0, 0.396273637374861)	(6.0, 0.3124683992314693)	(7.0, 0.27871877844069165)	(8.0, 0.229547982606937)	(9.0, 0.21046111841439985)	('>10', 2.770628981696835)	('>50', 2.1843715239154617)	('>100', 8.63876529477197)	('>500', 6.683436141166952)	('>1k', 36.22118009910001)	('>5k', 24.20896956213975)	('>10k+', 10.703559510567297)
16s-A05_S88_L001_R1_001	(1.0, 2.2153544200897857)	(2.0, 0.7164810163045203)	(3.0, 0.47236482676294606)	(4.0, 0.3730095376195254)	(5.0, 0.3570199272045523)	(6.0, 0.2944041245871385)	(7.0, 0.2956247055348464)	(8.0, 0.2636454847049002)	(9.0, 0.20322672779336054)	('>10', 3.9993555332596102)	('>50', 1.6302079137586325)	('>100', 3.242107113301647)	('>500', 2.2694261560732447)	('>1k', 13.965276913199606)	('>5k', 9.345622142314856)	('>10k+', 60.35687345749082)
16s-A05_S88_L001_R2_001	(1.0, 3.810531660649202)	(2.0, 0.8495243396046782)	(3.0, 0.6459314375270053)	(4.0, 0.5150851599327216)	(5.0, 0.4149975222206762)	(6.0, 0.3661742843123613)	(7.0, 0.32040249877331617)	(8.0, 0.2841512446263924)	(9.0, 0.22849275341091346)	('>10', 2.6696546488266555)	('>50', 0.8696639252418582)	('>100', 3.344757971003879)	('>500', 2.987493927609785)	('>1k', 17.389006471520187)	('>5k', 40.65962635576029)	('>10k+', 24.64450579898008)
16s-A06_S96_L001_R1_001	(1.0, 2.4170842887787556)	(2.0, 0.7651268584954508)	(3.0, 0.5325837709889785)	(4.0, 0.42486500480804795)	(5.0, 0.3727392928471041)	(6.0, 0.32038242473555734)	(7.0, 0.27345772616317776)	(8.0, 0.25334714106072936)	(9.0, 0.2070003328648569)	('>10', 4.189474073526148)	('>50', 1.5609974850210813)	('>100', 3.109859272135513)	('>500', 2.2377071159109403)	('>1k', 12.578939825430874)	('>5k', 13.756911568903025)	('>10k+', 56.999523818329756)
16s-A06_S96_L001_R2_001	(1.0, 3.9918355647607076)	(2.0, 0.9537502773873807)	(3.0, 0.685146830386863)	(4.0, 0.4905133515792588)	(5.0, 0.4299504401213108)	(6.0, 0.32384976699460016)	(7.0, 0.2653672608920778)	(8.0, 0.2588948886751979)	(9.0, 0.22052296767512392)	('>10', 2.5353206598121165)	('>50', 1.188142614098676)	('>100', 4.875083216214217)	('>500', 3.804599082772395)	('>1k', 30.597792921074046)	('>5k', 22.9034137140321)	('>10k+', 26.475816443523932)
16s-A07_S104_L001_R1_001	(1.0, 2.2773191916509243)	(2.0, 0.8090344560721133)	(3.0, 0.5581566693939095)	(4.0, 0.4637740757716598)	(5.0, 0.37838709999842934)	(6.0, 0.34783055682874486)	(7.0, 0.28486123188561)	(8.0, 0.29128667320633805)	(9.0, 0.25958782935741304)	('>10', 3.716903622663817)	('>50', 1.4001750575790937)	('>100', 3.5309941871174186)	('>500', 3.3139570580617157)	('>1k', 15.597544624689972)	('>5k', 14.012602432243721)	('>10k+', 52.75758523347912)
16s-A07_S104_L001_R2_001	(1.0, 5.706220255561219)	(2.0, 1.3307802913152307)	(3.0, 0.8245983028267657)	(4.0, 0.6471133347897667)	(5.0, 0.4961868575451102)	(6.0, 0.3683919690550746)	(7.0, 0.34683104373440937)	(8.0, 0.26158685554608396)	(9.0, 0.23388606407450085)	('>10', 2.555183831876186)	('>50', 1.27666379663621)	('>100', 7.313580098837566)	('>500', 10.943526082294197)	('>1k', 41.58031587469533)	('>5k', 17.882431558340866)	('>10k+', 8.232703782871486)
16s-A08_S112_L001_R1_001	(1.0, 2.499140348718725)	(2.0, 0.7495528235995571)	(3.0, 0.5091659332027295)	(4.0, 0.39622826028663455)	(5.0, 0.3738300067194761)	(6.0, 0.30284962569679075)	(7.0, 0.31357554994021875)	(8.0, 0.2372322067958194)	(9.0, 0.2555293716816672)	('>10', 4.3111906091378565)	('>50', 1.781765297849452)	('>100', 2.8373224307468083)	('>500', 1.4729217733107458)	('>1k', 12.657694746505399)	('>5k', 11.220578632066097)	('>10k+', 60.08142238374202)
16s-A08_S112_L001_R2_001	(1.0, 3.6110085838940784)	(2.0, 0.952083510784286)	(3.0, 0.6937149238617113)	(4.0, 0.5274630980885772)	(5.0, 0.4022221591285502)	(6.0, 0.3482770695513093)	(7.0, 0.26830584026575055)	(8.0, 0.25111281464025564)	(9.0, 0.24843133357939864)	('>10', 2.6559281236888346)	('>50', 0.405219108549508)	('>100', 4.653789248207351)	('>500', 7.871093318695602)	('>1k', 25.309553328348933)	('>5k', 29.6636476344605)	('>10k+', 22.138149904255354)
16s-A09_S120_L001_R1_001	(1.0, 5.1599361390030225)	(2.0, 1.5501689723079917)	(3.0, 0.9987600593226521)	(4.0, 0.720948514097234)	(5.0, 0.6215911761607222)	(6.0, 0.5095913058277212)	(7.0, 0.43681570267357145)	(8.0, 0.35917758705923347)	(9.0, 0.33259585227687144)	('>10', 4.926859708411336)	('>50', 2.1680322222492365)	('>100', 9.492758908528035)	('>500', 6.852738810143201)	('>1k', 25.847495400873633)	('>5k', 18.848232881930095)	('>10k+', 21.174296759135444)
16s-A09_S120_L001_R2_001	(1.0, 3.829228562398191)	(2.0, 1.0088092517403744)	(3.0, 0.6442829009749338)	(4.0, 0.4492961513213878)	(5.0, 0.299044516301573)	(6.0, 0.27619070773868853)	(7.0, 0.22010973069785159)	(8.0, 0.1957971683969107)	(9.0, 0.17796795604288737)	('>10', 3.8160997787556825)	('>50', 2.8852528101269925)	('>100', 8.250711142447303)	('>500', 11.031257850931576)	('>1k', 35.04607230556028)	('>5k', 28.153947144489557)	('>10k+', 3.7159320220758065)
16s-A10_S128_L001_R1_001	(1.0, 4.09417531017449)	(2.0, 1.160714857022197)	(3.0, 0.7750363123308357)	(4.0, 0.5835567528138057)	(5.0, 0.4998944222980107)	(6.0, 0.4482253348092883)	(7.0, 0.4075939161649059)	(8.0, 0.3352891869237217)	(9.0, 0.3311300653302023)	('>10', 5.2996807074345895)	('>50', 1.9586263381173898)	('>100', 5.904672933076535)	('>500', 5.216338309349065)	('>1k', 16.432369483565072)	('>5k', 17.67754650217874)	('>10k+', 38.875149568411146)
16s-A10_S128_L001_R2_001	(1.0, 3.7070570695469116)	(2.0, 1.1018472898523832)	(3.0, 0.7088102992647952)	(4.0, 0.5067729695488312)	(5.0, 0.3943167203086708)	(6.0, 0.2908185791160907)	(7.0, 0.20827601210624316)	(8.0, 0.21883378230517717)	(9.0, 0.16412533672888285)	('>10', 2.355822450298497)	('>50', 1.3576332678538294)	('>100', 6.394649450036153)	('>500', 4.873690676529117)	('>1k', 56.98540468253105)	('>5k', 20.731941413973367)	('>10k+', 0.0)
16s-A11_S136_L001_R1_001	(1.0, 7.401938699145745)	(2.0, 2.1224477433375357)	(3.0, 1.2221300955215066)	(4.0, 0.8399935889912379)	(5.0, 0.6890572409693748)	(6.0, 0.5353444718300527)	(7.0, 0.46908896789068977)	(8.0, 0.38970856412333876)	(9.0, 0.353236486716718)	('>10', 6.672623351973216)	('>50', 4.649874366944435)	('>100', 20.157953121391444)	('>500', 11.92700031676441)	('>1k', 30.220839059701888)	('>5k', 7.250749949204113)	('>10k+', 5.098013975494298)
16s-A11_S136_L001_R2_001	(1.0, 7.079747648560615)	(2.0, 1.6148674826820733)	(3.0, 0.9321202897069235)	(4.0, 0.6764371449809247)	(5.0, 0.6108126458409843)	(6.0, 0.4679531592517293)	(7.0, 0.42933566552707203)	(8.0, 0.3917277794814908)	(9.0, 0.38049589405177014)	('>10', 8.605769655484)	('>50', 6.961875952028492)	('>100', 24.352368224112713)	('>500', 17.524643892441446)	('>1k', 28.578207365845227)	('>5k', 1.3936372000045434)	('>10k+', 0.0)
16s-A12_S144_L001_R1_001	(1.0, 2.278180651243552)	(2.0, 0.7001387494440702)	(3.0, 0.43901815460576255)	(4.0, 0.3547298646860028)	(5.0, 0.31691331754980734)	(6.0, 0.295608220571669)	(7.0, 0.2684442219245427)	(8.0, 0.23861708615514904)	(9.0, 0.22050775372373146)	('>10', 4.1743342822978615)	('>50', 1.735965933149932)	('>100', 4.161284910398751)	('>500', 2.096954170073263)	('>1k', 10.88157828158414)	('>5k', 6.022684602007473)	('>10k+', 65.8150398005843)
16s-A12_S144_L001_R2_001	(1.0, 3.2018897621019606)	(2.0, 0.7661845500762989)	(3.0, 0.6147852046754035)	(4.0, 0.4660489963967755)	(5.0, 0.39281272553442503)	(6.0, 0.30679339648519166)	(7.0, 0.292678769737175)	(8.0, 0.23542132160842827)	(9.0, 0.231293459068914)	('>10', 2.7905682335677784)	('>50', 1.3861628721401236)	('>100', 2.5606063430599977)	('>500', 3.1725952537570206)	('>1k', 20.215074953994304)	('>5k', 19.227583709057598)	('>10k+', 44.13950044873861)
16s-B01_S57_L001_R1_001	(1.0, 5.428954531221145)	(2.0, 1.8094374011417378)	(3.0, 1.1629344745357175)	(4.0, 0.7772166330782757)	(5.0, 0.6053939476663428)	(6.0, 0.5472632821344553)	(7.0, 0.43614057343813983)	(8.0, 0.3674114992733667)	(9.0, 0.3295141593133516)	('>10', 4.733634692124259)	('>50', 2.833789653705027)	('>100', 14.137955952371396)	('>500', 10.289930708889013)	('>1k', 36.33969505487888)	('>5k', 12.196520189165536)	('>10k+', 8.004207247063357)
16s-B01_S57_L001_R2_001	(1.0, 6.183207945594836)	(2.0, 1.5126819594209415)	(3.0, 0.8979742587135779)	(4.0, 0.6815097914843393)	(5.0, 0.4873662151637534)	(6.0, 0.41044746160084145)	(7.0, 0.3495869029362409)	(8.0, 0.28904750816960667)	(9.0, 0.2789308453836704)	('>10', 6.3437898945779505)	('>50', 4.41825174432142)	('>100', 16.52998466442387)	('>500', 13.040538913020788)	('>1k', 34.01960705597084)	('>5k', 12.888307225384796)	('>10k+', 1.6687676138325291)
16s-B02_S65_L001_R1_001	(1.0, 40.0)	(2.0, 0.0)	(3.0, 60.0)	(4.0, 0.0)	(5.0, 0.0)	(6.0, 0.0)	(7.0, 0.0)	(8.0, 0.0)	(9.0, 0.0)	('>10', 0.0)	('>50', 0.0)	('>100', 0.0)	('>500', 0.0)	('>1k', 0.0)	('>5k', 0.0)	('>10k+', 0.0)
16s-B02_S65_L001_R2_001	(1.0, 40.0)	(2.0, 0.0)	(3.0, 60.0)	(4.0, 0.0)	(5.0, 0.0)	(6.0, 0.0)	(7.0, 0.0)	(8.0, 0.0)	(9.0, 0.0)	('>10', 0.0)	('>50', 0.0)	('>100', 0.0)	('>500', 0.0)	('>1k', 0.0)	('>5k', 0.0)	('>10k+', 0.0)
16s-B03_S73_L001_R1_001	(1.0, 4.623230734666367)	(2.0, 1.4411742679547666)	(3.0, 0.9548416086272749)	(4.0, 0.7381112858533663)	(5.0, 0.5571781622107391)	(6.0, 0.4879802291619861)	(7.0, 0.4340597618512694)	(8.0, 0.3714521081404928)	(9.0, 0.3572230959334981)	('>10', 4.871264884295664)	('>50', 2.1198232606904814)	('>100', 8.29072118625028)	('>500', 6.218527671684266)	('>1k', 29.69040665019097)	('>5k', 11.327641728450535)	('>10k+', 27.516363364038043)
16s-B03_S73_L001_R2_001	(1.0, 6.201003519808283)	(2.0, 1.471130083127387)	(3.0, 0.9350707706133453)	(4.0, 0.6728076087770538)	(5.0, 0.4845353104171347)	(6.0, 0.40709952819591105)	(7.0, 0.3313113158091815)	(8.0, 0.30914401258144236)	(9.0, 0.2574702314086722)	('>10', 5.041413914476148)	('>50', 2.6722084924736014)	('>100', 12.025462442896727)	('>500', 10.842207743578221)	('>1k', 30.44918744851344)	('>5k', 23.09413614917996)	('>10k+', 4.805811428143488)
16s-B04_S81_L001_R1_001	(1.0, 2.889562305911331)	(2.0, 1.0664806799697182)	(3.0, 0.7194109636509306)	(4.0, 0.5950397171354223)	(5.0, 0.4634953286292236)	(6.0, 0.41913220431756937)	(7.0, 0.3321716521842769)	(8.0, 0.3116454304878399)	(9.0, 0.2413486389790743)	('>10', 3.659405975558346)	('>50', 1.3657662350274455)	('>100', 4.975511996804089)	('>500', 5.160137636041397)	('>1k', 23.90719940672598)	('>5k', 18.565195032212927)	('>10k+', 35.32849679636443)
16s-B04_S81_L001_R2_001	(1.0, 4.457942213168123)	(2.0, 1.0514722598045816)	(3.0, 0.6757099755230325)	(4.0, 0.5169076474522103)	(5.0, 0.4199046965319514)	(6.0, 0.3370273175318212)	(7.0, 0.28582211932135454)	(8.0, 0.23836902615217212)	(9.0, 0.20757969360751657)	('>10', 2.6558282330454515)	('>50', 1.9886156718806212)	('>100', 7.458081261766712)	('>500', 6.580199038136837)	('>1k', 28.36911443699664)	('>5k', 29.910567472780684)	('>10k+', 14.846858936300292)
16s-B05_S89_L001_R1_001	(1.0, 2.1047823323800445)	(2.0, 0.7102001906577693)	(3.0, 0.48975214489990465)	(4.0, 0.3823747484376655)	(5.0, 0.31842495498358225)	(6.0, 0.2859866539561487)	(7.0, 0.265994068424955)	(8.0, 0.23302616248278785)	(9.0, 0.2049571020019066)	('>10', 3.9250344243194575)	('>50', 1.5204957102001906)	('>100', 3.3576951594110795)	('>500', 2.274520707552166)	('>1k', 14.110131342018853)	('>5k', 9.792527274653109)	('>10k+', 60.024097023620385)
16s-B05_S89_L001_R2_001	(1.0, 4.243591780531723)	(2.0, 0.928662217985383)	(3.0, 0.6867651731808071)	(4.0, 0.5126575574621333)	(5.0, 0.45810825124457155)	(6.0, 0.39482046393390535)	(7.0, 0.32530981887511917)	(8.0, 0.30081559156868976)	(9.0, 0.253813155386082)	('>10', 2.8899216184726195)	('>50', 0.9483900010592098)	('>100', 3.152605656180489)	('>500', 4.097420824065248)	('>1k', 18.158166507785193)	('>5k', 40.830817709988345)	('>10k+', 21.818133672280478)
16s-B06_S97_L001_R1_001	(1.0, 3.3121739773834333)	(2.0, 0.9717477895204153)	(3.0, 0.6289230617454465)	(4.0, 0.48649048599721295)	(5.0, 0.42159425830240105)	(6.0, 0.3625556473591397)	(7.0, 0.35823950870010235)	(8.0, 0.33049290303486206)	(9.0, 0.29550135033480907)	('>10', 4.889414361643092)	('>50', 1.825880800582062)	('>100', 3.9349311267588263)	('>500', 1.8209480706860195)	('>1k', 17.41222823741229)	('>5k', 14.142290759763723)	('>10k+', 48.80658766077616)
16s-B06_S97_L001_R2_001	(1.0, 4.204227349520909)	(2.0, 1.0901333070254406)	(3.0, 0.7699683072104179)	(4.0, 0.5068379968183891)	(5.0, 0.4508823420601546)	(6.0, 0.386602705602348)	(7.0, 0.2988926021383384)	(8.0, 0.27130014428234944)	(9.0, 0.24139546928759048)	('>10', 2.755546238176863)	('>50', 1.491225906697414)	('>100', 5.282645423043248)	('>500', 6.952220345044456)	('>1k', 33.680371434561174)	('>5k', 23.208340013071734)	('>10k+', 18.409410415459178)
16s-B07_S105_L001_R1_001	(1.0, 2.4033791609070874)	(2.0, 0.755127582470953)	(3.0, 0.5131084917996039)	(4.0, 0.4352374192102215)	(5.0, 0.35199592782157135)	(6.0, 0.2970075092464602)	(7.0, 0.29502278925542647)	(8.0, 0.268053947024321)	(9.0, 0.26373426233795344)	('>10', 4.065874023984757)	('>50', 1.4498963275675272)	('>100', 3.3242892367467407)	('>500', 3.030433929838981)	('>1k', 11.243788993910412)	('>5k', 10.75146168789928)	('>10k+', 60.55158870997871)
16s-B07_S105_L001_R2_001	(1.0, 4.3025226958568386)	(2.0, 1.0792206821832855)	(3.0, 0.7113469944334441)	(4.0, 0.5253670564501065)	(5.0, 0.41912616281241827)	(6.0, 0.32152463854746516)	(7.0, 0.2852159375350245)	(8.0, 0.24844024358351702)	(9.0, 0.19333507677363918)	('>10', 2.2427335898681213)	('>50', 1.2712715283744909)	('>100', 5.035584861956887)	('>500', 11.173506556580865)	('>1k', 33.503124182762356)	('>5k', 25.172320394515634)	('>10k+', 13.515359397765906)
16s-B08_S113_L001_R1_001	(1.0, 2.266048134727214)	(2.0, 0.6675619102632433)	(3.0, 0.46940738248439035)	(4.0, 0.39005624551509754)	(5.0, 0.32603938079315403)	(6.0, 0.2697640904096782)	(7.0, 0.2615758867824528)	(8.0, 0.23582026446408952)	(9.0, 0.19562362847589243)	('>10', 4.02978719603155)	('>50', 1.6955536565539873)	('>100', 2.7889021554329476)	('>500', 1.6127783617042182)	('>1k', 11.49668452191312)	('>5k', 11.3954485497947)	('>10k+', 61.89894863465426)
16s-B08_S113_L001_R2_001	(1.0, 3.251014592867628)	(2.0, 0.8712248659367752)	(3.0, 0.6056293155555026)	(4.0, 0.49367424050689446)	(5.0, 0.4064326527695482)	(6.0, 0.33765174230085543)	(7.0, 0.27825004689607535)	(8.0, 0.23343824159071488)	(9.0, 0.21974161006881068)	('>10', 2.5325369436860017)	('>50', 0.5493540251720267)	('>100', 4.711343490675869)	('>500', 6.786829795533111)	('>1k', 16.115724626245722)	('>5k', 36.40892186667222)	('>10k+', 26.198231943522238)
16s-B09_S121_L001_R1_001	(1.0, 3.432622788678224)	(2.0, 1.205076071624434)	(3.0, 0.7985544834721134)	(4.0, 0.5761949579348943)	(5.0, 0.4442400860221234)	(6.0, 0.3728742932271947)	(7.0, 0.33276097009581695)	(8.0, 0.27684180023804567)	(9.0, 0.28019455560425033)	('>10', 3.8015456202238203)	('>50', 1.6962547327734234)	('>100', 7.993926723136646)	('>500', 6.960559622767125)	('>1k', 27.005486544674266)	('>5k', 11.806009574511396)	('>10k+', 33.01685717501622)
16s-B09_S121_L001_R2_001	(1.0, 5.102534443574324)	(2.0, 1.1373025167218673)	(3.0, 0.6961757035397912)	(4.0, 0.5292563828080284)	(5.0, 0.43106854708346204)	(6.0, 0.3484470755591318)	(7.0, 0.2975570387506675)	(8.0, 0.24139838636673874)	(9.0, 0.21876728764485698)	('>10', 4.061623643630843)	('>50', 2.422485493345978)	('>100', 7.944234098958969)	('>500', 7.3090066983262565)	('>1k', 33.120193885053176)	('>5k', 17.035469756949183)	('>10k+', 19.104479041686723)
16s-B10_S129_L001_R1_001	(1.0, 2.867935033143619)	(2.0, 0.8964292235926892)	(3.0, 0.5788481012173304)	(4.0, 0.48831130356388075)	(5.0, 0.3779815529678575)	(6.0, 0.3447804706125727)	(7.0, 0.30481147531563374)	(8.0, 0.2645870870775003)	(9.0, 0.2781229129608087)	('>10', 4.294176913244295)	('>50', 1.70921725894418)	('>100', 5.051800073297774)	('>500', 4.052319797933105)	('>1k', 13.642069346845323)	('>5k', 14.265100426889301)	('>10k+', 50.58350902239413)
16s-B10_S129_L001_R2_001	(1.0, 3.8895067979216122)	(2.0, 1.0420032000735533)	(3.0, 0.7133124847562339)	(4.0, 0.5618644706278964)	(5.0, 0.4322525529716884)	(6.0, 0.3417157553182388)	(7.0, 0.2851462188436574)	(8.0, 0.23496150589893847)	(9.0, 0.19882340471991697)	('>10', 2.3238203719287402)	('>50', 1.4193462706884243)	('>100', 5.248069548605746)	('>500', 3.43145955788928)	('>1k', 39.25376736512379)	('>5k', 37.80620017443338)	('>10k+', 2.8177503201989)
16s-B11_S137_L001_R1_001	(1.0, 5.673333517324542)	(2.0, 1.8393459537148886)	(3.0, 1.0314476357483595)	(4.0, 0.7455889877016031)	(5.0, 0.5578118067158206)	(6.0, 0.44264038706088904)	(7.0, 0.3975271581637961)	(8.0, 0.34816797831168256)	(9.0, 0.30570846876147734)	('>10', 5.924693813861756)	('>50', 4.196910221490032)	('>100', 19.113785116668115)	('>500', 12.15530839403274)	('>1k', 29.980978139721508)	('>5k', 11.891104095856589)	('>10k+', 5.395648324866199)
16s-B11_S137_L001_R2_001	(1.0, 8.27456123753722)	(2.0, 1.8621581729509462)	(3.0, 1.0833427704413527)	(4.0, 0.7627709374793125)	(5.0, 0.628663423728636)	(6.0, 0.5022876050455906)	(7.0, 0.4697021522214635)	(8.0, 0.3798777789760079)	(9.0, 0.37237454970729444)	('>10', 8.217000750147232)	('>50', 5.8971094492505785)	('>100', 22.64453155499816)	('>500', 15.389659175079101)	('>1k', 27.493761442378123)	('>5k', 6.022199000058988)	('>10k+', 0.0)
16s-B12_S145_L001_R1_001	(1.0, 2.794931856899489)	(2.0, 0.784126504368852)	(3.0, 0.48531351321646427)	(4.0, 0.41078199703247786)	(5.0, 0.36407100071440346)	(6.0, 0.29675221190306095)	(7.0, 0.27288151893169205)	(8.0, 0.2692751552453701)	(9.0, 0.2519302632302028)	('>10', 5.061789031158982)	('>50', 1.9072511952519646)	('>100', 3.4418448095839973)	('>500', 1.207616640105512)	('>1k', 11.266280156069682)	('>5k', 7.524763697312744)	('>10k+', 63.6603904489751)
16s-B12_S145_L001_R2_001	(1.0, 2.871180689124581)	(2.0, 0.7621448590426994)	(3.0, 0.5821701379348244)	(4.0, 0.4554322141012254)	(5.0, 0.3838201351871187)	(6.0, 0.29881299115238774)	(7.0, 0.2536475792713085)	(8.0, 0.23080727592460298)	(9.0, 0.18856130131340332)	('>10', 2.7988816837940322)	('>50', 1.1251854701324395)	('>100', 2.309103148870693)	('>500', 1.8825218442600429)	('>1k', 18.30847804583173)	('>5k', 32.041167500137384)	('>10k+', 35.508085123921525)
16s-C01_S58_L001_R1_001	(1.0, 6.370369680690108)	(2.0, 1.9040347847137196)	(3.0, 1.1978194379140346)	(4.0, 0.9267233687294487)	(5.0, 0.7169226328750925)	(6.0, 0.5875041316158226)	(7.0, 0.4855521468108581)	(8.0, 0.39601440673100347)	(9.0, 0.3896521063093847)	('>10', 5.075098421683961)	('>50', 2.6076121045093195)	('>100', 12.696358436487948)	('>500', 8.775164062002945)	('>1k', 35.4313406918769)	('>5k', 14.748743445666731)	('>10k+', 7.6910901413827295)
16s-C01_S58_L001_R2_001	(1.0, 5.0622186427816604)	(2.0, 1.3087717501447036)	(3.0, 0.7211124404698172)	(4.0, 0.504018335839459)	(5.0, 0.41742897888181796)	(6.0, 0.3472884961849474)	(7.0, 0.3139252134862147)	(8.0, 0.25821629028228443)	(9.0, 0.231836020241426)	('>10', 5.886524492528952)	('>50', 3.5506291694404744)	('>100', 15.417095346054829)	('>500', 13.01664595039578)	('>1k', 37.680336301889604)	('>5k', 13.681118399307286)	('>10k+', 1.6028341720707426)
16s-C02_S66_L001_R1_001	(1.0, 5.243017892164919)	(2.0, 1.6755415310784603)	(3.0, 1.0296486211090294)	(4.0, 0.7395720343161425)	(5.0, 0.6313753848513735)	(6.0, 0.48072182230549254)	(7.0, 0.39977977188311475)	(8.0, 0.3484206028333826)	(9.0, 0.2810373730401341)	('>10', 5.217269828747987)	('>50', 2.649311376261381)	('>100', 11.12987432753728)	('>500', 9.750024652401144)	('>1k', 30.109347094851486)	('>5k', 12.94031927598637)	('>10k+', 17.374738410632308)
16s-C02_S66_L001_R2_001	(1.0, 4.78968762668595)	(2.0, 1.1304495502306369)	(3.0, 0.6705453111133025)	(4.0, 0.45634333672988636)	(5.0, 0.37868827312669145)	(6.0, 0.3418466291950169)	(7.0, 0.27418948383350317)	(8.0, 0.2629589455346284)	(9.0, 0.2391282910955527)	('>10', 5.91657627452914)	('>50', 4.534672232631014)	('>100', 12.124872629260757)	('>500', 12.763917650023556)	('>1k', 26.37272787036124)	('>5k', 5.994505253700599)	('>10k+', 23.748890641948524)
16s-C03_S74_L001_R1_001	(1.0, 2.77191918356469)	(2.0, 0.9121027069002752)	(3.0, 0.5917180155218285)	(4.0, 0.442496174682602)	(5.0, 0.38827545961245974)	(6.0, 0.3411769571150904)	(7.0, 0.3168235850920603)	(8.0, 0.301430415983164)	(9.0, 0.22331582647533185)	('>10', 4.283895988126583)	('>50', 1.7403471044759662)	('>100', 5.2507937820786745)	('>500', 3.852657504284815)	('>1k', 15.96593284902288)	('>5k', 9.971097601882102)	('>10k+', 52.64601684518148)
16s-C03_S74_L001_R2_001	(1.0, 4.833455100193448)	(2.0, 1.151960446447854)	(3.0, 0.8270956536123402)	(4.0, 0.5968873633569055)	(5.0, 0.4416920539082567)	(6.0, 0.4052768702700467)	(7.0, 0.3473801745171829)	(8.0, 0.2839695077402368)	(9.0, 0.25433191348579465)	('>10', 3.430149474564511)	('>50', 1.7427594667990018)	('>100', 5.6373461257461095)	('>500', 4.824609771675649)	('>1k', 36.25183224662155)	('>5k', 22.620836377504837)	('>10k+', 16.350417453556283)
16s-C04_S82_L001_R1_001	(1.0, 3.3283526796739937)	(2.0, 1.111138552729069)	(3.0, 0.7690787848851568)	(4.0, 0.6045937268461348)	(5.0, 0.5192640158063719)	(6.0, 0.46307730303778705)	(7.0, 0.3414423314398617)	(8.0, 0.3428006915287725)	(9.0, 0.2922943936774512)	('>10', 4.061867127685848)	('>50', 1.2620400098789823)	('>100', 5.0272906890590265)	('>500', 5.4477648802173375)	('>1k', 24.00580390219807)	('>5k', 18.229809829587555)	('>10k+', 34.19338108174858)
16s-C04_S82_L001_R2_001	(1.0, 3.9454186218819465)	(2.0, 1.0311187947641394)	(3.0, 0.6320079031859718)	(4.0, 0.4949370214867869)	(5.0, 0.38219313410718697)	(6.0, 0.31637441343541617)	(7.0, 0.2679673993578661)	(8.0, 0.19362805631020005)	(9.0, 0.19338108174857987)	('>10', 2.5237095579155344)	('>50', 2.1120029636947395)	('>100', 7.333168683625586)	('>500', 8.38676216349716)	('>1k', 30.412817979748084)	('>5k', 30.949123240306246)	('>10k+', 10.825388984934552)
16s-C05_S90_L001_R1_001	(1.0, 2.8416667758288683)	(2.0, 0.853037110782169)	(3.0, 0.5545003209368736)	(4.0, 0.4443338267464861)	(5.0, 0.3504106682036705)	(6.0, 0.3088853665885065)	(7.0, 0.2805905238475746)	(8.0, 0.25255767039128096)	(9.0, 0.24640092220228194)	('>10', 4.519839138579232)	('>50', 1.8985053511311387)	('>100', 3.6142731762270923)	('>500', 2.460472366680203)	('>1k', 15.406672867079738)	('>5k', 6.127143399834947)	('>10k+', 59.84071051493994)
16s-C05_S90_L001_R2_001	(1.0, 2.8433697061790175)	(2.0, 0.8121667823786007)	(3.0, 0.583188147604763)	(4.0, 0.46686490522537627)	(5.0, 0.3628551592239877)	(6.0, 0.32303278795897244)	(7.0, 0.24666291148692018)	(8.0, 0.2431260561443037)	(9.0, 0.2157481758996057)	('>10', 2.1354746590864435)	('>50', 1.1514429059851452)	('>100', 3.571568922831056)	('>500', 3.918704724976749)	('>1k', 16.900404773444766)	('>5k', 34.267281468187946)	('>10k+', 31.958107913386343)
16s-C06_S98_L001_R1_001	(1.0, 2.69499568165348)	(2.0, 0.8289239871740144)	(3.0, 0.5468664687838146)	(4.0, 0.4442436937249957)	(5.0, 0.3393872911558278)	(6.0, 0.3290877865247734)	(7.0, 0.32486871233855835)	(8.0, 0.28292615131089116)	(9.0, 0.24793265364875464)	('>10', 4.187058858566706)	('>50', 1.6856442278101518)	('>100', 3.9068626964351303)	('>500', 1.2932703284921525)	('>1k', 13.089677662732175)	('>5k', 14.674188200490404)	('>10k+', 55.124065599158165)
16s-C06_S98_L001_R2_001	(1.0, 4.9938947514717125)	(2.0, 1.0689148541193054)	(3.0, 0.7251843983600211)	(4.0, 0.5608886859321175)	(5.0, 0.45479137919053336)	(6.0, 0.3960966118352476)	(7.0, 0.31965691481441033)	(8.0, 0.2779625346212264)	(9.0, 0.25351672242462747)	('>10', 3.2337962733165893)	('>50', 1.2932703284921525)	('>100', 4.838657639502447)	('>500', 5.195169408237618)	('>1k', 28.055602434157624)	('>5k', 20.66949261910198)	('>10k+', 27.66310444442238)
16s-C07_S106_L001_R1_001	(1.0, 2.989471569891033)	(2.0, 0.8854593843630217)	(3.0, 0.5992333829904759)	(4.0, 0.49154991658715946)	(5.0, 0.4428691785369555)	(6.0, 0.385819259160069)	(7.0, 0.29292134643389184)	(8.0, 0.28901572848143997)	(9.0, 0.277438360979529)	('>10', 4.446685525221923)	('>50', 1.5510882725451796)	('>100', 4.019159845783885)	('>500', 3.0130447639611893)	('>1k', 14.215612428792216)	('>5k', 14.262479844221637)	('>10k+', 51.8381511920504)
16s-C07_S106_L001_R2_001	(1.0, 3.350322771426499)	(2.0, 0.9856105875723238)	(3.0, 0.6101133187151633)	(4.0, 0.4179011209123524)	(5.0, 0.30268539131502153)	(6.0, 0.24856468540247392)	(7.0, 0.21285617840862808)	(8.0, 0.18189020749990237)	(9.0, 0.13181460589525132)	('>10', 1.7763587365883868)	('>50', 1.5117531203097712)	('>100', 6.6269967471781905)	('>500', 11.091815498607927)	('>1k', 38.839417728157834)	('>5k', 15.533758487744729)	('>10k+', 18.178140814265547)
16s-C08_S114_L001_R1_001	(1.0, 2.0550837455478215)	(2.0, 0.6564832640043644)	(3.0, 0.46698699622843415)	(4.0, 0.35302695699155984)	(5.0, 0.3062102320116242)	(6.0, 0.30607909272596606)	(7.0, 0.23867349989771133)	(8.0, 0.24024717132560838)	(9.0, 0.21716665704978574)	('>10', 4.028205437559341)	('>50', 1.5306577422011467)	('>100', 3.5175490592067646)	('>500', 1.7554304778191012)	('>1k', 9.911769488609242)	('>5k', 11.143429659509959)	('>10k+', 63.27300051931157)
16s-C08_S114_L001_R2_001	(1.0, 4.559057265903261)	(2.0, 1.026558328131475)	(3.0, 0.6932022639886276)	(4.0, 0.5434411997670966)	(5.0, 0.4412836962394498)	(6.0, 0.3792548141231765)	(7.0, 0.31945529986309057)	(8.0, 0.26962237131301897)	(9.0, 0.2561150248902364)	('>10', 3.248451245036378)	('>50', 1.1302895030870188)	('>100', 4.203276383912882)	('>500', 7.137649039798151)	('>1k', 20.819672991077283)	('>5k', 34.20991203176718)	('>10k+', 20.762758541101675)
16s-C09_S122_L001_R1_001	(1.0, 4.824214848377275)	(2.0, 1.5207441874668386)	(3.0, 0.9680239104959595)	(4.0, 0.7043875352925384)	(5.0, 0.6126492020291857)	(6.0, 0.44202353641731906)	(7.0, 0.4123771679702162)	(8.0, 0.3338715485201627)	(9.0, 0.32292911209762687)	('>10', 4.718098662605241)	('>50', 2.053106443186488)	('>100', 8.55545843082917)	('>500', 7.025044183267997)	('>1k', 28.389133397206624)	('>5k', 7.831985250613603)	('>10k+', 31.285952583623754)
16s-C09_S122_L001_R2_001	(1.0, 3.97045033215384)	(2.0, 1.0609073824546937)	(3.0, 0.6157029052168702)	(4.0, 0.49011936162334857)	(5.0, 0.3664443825221298)	(6.0, 0.27406986109467624)	(7.0, 0.23068182830299355)	(8.0, 0.2086697178251017)	(9.0, 0.2015444103871714)	('>10', 3.9915717792019914)	('>50', 2.943133684763675)	('>100', 9.961434273492202)	('>500', 6.969950288256857)	('>1k', 38.654792850771884)	('>5k', 9.276895808919612)	('>10k+', 20.78363113301295)
16s-C10_S130_L001_R1_001	(1.0, 3.0260181733275244)	(2.0, 0.953017017601987)	(3.0, 0.6194741057475822)	(4.0, 0.49985781706143084)	(5.0, 0.42067887787659564)	(6.0, 0.3592401952471766)	(7.0, 0.334195127168942)	(8.0, 0.3151504399844512)	(9.0, 0.28058302831397125)	('>10', 4.358102731738624)	('>50', 1.6810197516885856)	('>100', 5.369166912334435)	('>500', 4.561724352937187)	('>1k', 16.409345984571193)	('>5k', 13.782874912929255)	('>10k+', 47.029550571471056)
16s-C10_S130_L001_R2_001	(1.0, 4.230007643963487)	(2.0, 1.0959826145485758)	(3.0, 0.7454821045161997)	(4.0, 0.5629922595086471)	(5.0, 0.45589850486161293)	(6.0, 0.375676021173518)	(7.0, 0.2593208090600534)	(8.0, 0.21810080118129238)	(9.0, 0.19488193598376244)	('>10', 2.469417623901343)	('>50', 1.3515205747843124)	('>100', 5.714710585976327)	('>500', 4.540853462871991)	('>1k', 41.48115489070176)	('>5k', 36.30400016696712)	('>10k+', 0.0)
16s-C11_S138_L001_R1_001	(1.0, 8.008197589243949)	(2.0, 2.25259458524836)	(3.0, 1.338206851072214)	(4.0, 0.9012522903254775)	(5.0, 0.7217792360801155)	(6.0, 0.5894865515840942)	(7.0, 0.5028998502827471)	(8.0, 0.41711735982940007)	(9.0, 0.3799896256800608)	('>10', 7.184417610609149)	('>50', 4.817088944379437)	('>100', 20.37669236120326)	('>500', 11.907950026337906)	('>1k', 30.1806927740315)	('>5k', 5.35336354485419)	('>10k+', 5.068270799238144)
16s-C11_S138_L001_R2_001	(1.0, 5.792328632720927)	(2.0, 1.4060286325868916)	(3.0, 0.8259245408961322)	(4.0, 0.619242352960099)	(5.0, 0.5100037127734149)	(6.0, 0.4479454423360717)	(7.0, 0.4053222673920649)	(8.0, 0.37208155234139284)	(9.0, 0.37395804432005986)	('>10', 9.261694230993482)	('>50', 7.031483514347792)	('>100', 26.08806376855884)	('>500', 17.470810497096128)	('>1k', 28.688881650991256)	('>5k', 0.7062311596854464)	('>10k+', 0.0)
16s-C12_S146_L001_R1_001	(1.0, 1.9954142812020057)	(2.0, 0.6058877764890479)	(3.0, 0.3970623777962207)	(4.0, 0.314580821055943)	(5.0, 0.27813548203116906)	(6.0, 0.25396646773052955)	(7.0, 0.23452895358398346)	(8.0, 0.19744422264649425)	(9.0, 0.20831388516265492)	('>10', 3.9500353583727734)	('>50', 1.6188124446126755)	('>100', 3.50949433051191)	('>500', 1.2659959871763558)	('>1k', 9.359290939944476)	('>5k', 6.175758606534841)	('>10k+', 69.63527806514892)
16s-C12_S146_L001_R2_001	(1.0, 3.3859638129753082)	(2.0, 0.7191880234222046)	(3.0, 0.5294165037282942)	(4.0, 0.4378555818274588)	(5.0, 0.36509278216045415)	(6.0, 0.31304628046542615)	(7.0, 0.2918184689632772)	(8.0, 0.2925857392585356)	(9.0, 0.22442656136308126)	('>10', 3.0647333160271257)	('>50', 1.2752032307194565)	('>100', 2.2422195595101235)	('>500', 2.0819879461836615)	('>1k', 15.589142102295034)	('>5k', 14.002810766848297)	('>10k+', 55.18450932425226)
16s-D01_S59_L001_R1_001	(1.0, 4.445342581245165)	(2.0, 1.5784029968796989)	(3.0, 0.9951935195084005)	(4.0, 0.7109766803125516)	(5.0, 0.561335500450517)	(6.0, 0.4580497683676219)	(7.0, 0.36403512584055464)	(8.0, 0.3662080374552018)	(9.0, 0.3089880316028265)	('>10', 4.22747197668321)	('>50', 2.553605729533346)	('>100', 12.292305864833308)	('>500', 9.339029258979195)	('>1k', 35.1135273888266)	('>5k', 17.749066372309574)	('>10k+', 8.936461167172231)
16s-D01_S59_L001_R2_001	(1.0, 6.687932228335347)	(2.0, 1.5966554544427352)	(3.0, 0.8908937620053367)	(4.0, 0.6217424433377081)	(5.0, 0.47514333973617956)	(6.0, 0.3911240906364893)	(7.0, 0.32753021071448235)	(8.0, 0.3186937034815839)	(9.0, 0.25683815285129463)	('>10', 5.657682401443973)	('>50', 3.1815771861663755)	('>100', 14.790864500128926)	('>500', 12.343007135841741)	('>1k', 40.46410494873377)	('>5k', 11.996210442144054)	('>10k+', 0.0)
16s-D02_S67_L001_R1_001	(1.0, 4.4655178766918935)	(2.0, 1.4810570896396136)	(3.0, 0.9242937342726832)	(4.0, 0.6856129448668772)	(5.0, 0.5491559995292948)	(6.0, 0.4457435061114406)	(7.0, 0.3602796178730071)	(8.0, 0.315705267261863)	(9.0, 0.30060942052155554)	('>10', 4.6395361414778)	('>50', 2.467398319963009)	('>100', 10.86984170756611)	('>500', 8.845096405405501)	('>1k', 32.91156092243944)	('>5k', 12.835867731854972)	('>10k+', 17.902723314524938)
16s-D02_S67_L001_R2_001	(1.0, 6.100505057108658)	(2.0, 1.3348532196350609)	(3.0, 0.8190982668303833)	(4.0, 0.5605670332857478)	(5.0, 0.4499037788351474)	(6.0, 0.37513773474338846)	(7.0, 0.2995396361068881)	(8.0, 0.26815929327664273)	(9.0, 0.22037558942149624)	('>10', 5.617319096483856)	('>50', 4.930398637332386)	('>100', 12.229894293413338)	('>500', 10.976344689293004)	('>1k', 29.87028269647482)	('>5k', 6.686390321541536)	('>10k+', 19.261230656217645)
16s-D03_S75_L001_R1_001	(1.0, 2.940220082752218)	(2.0, 0.9281760845860493)	(3.0, 0.5994422670568729)	(4.0, 0.45914726838398773)	(5.0, 0.39411289553480433)	(6.0, 0.37228156895999004)	(7.0, 0.3024213239205845)	(8.0, 0.26473356014932625)	(9.0, 0.26473356014932625)	('>10', 4.552061394286397)	('>50', 1.9051853996683938)	('>100', 5.475411606682224)	('>500', 4.4180859901483265)	('>1k', 13.944702398803182)	('>5k', 11.293689942307847)	('>10k+', 51.885594656610465)
16s-D03_S75_L001_R2_001	(1.0, 4.1079662510671495)	(2.0, 1.0860510462376005)	(3.0, 0.761798395742202)	(4.0, 0.5290075134233932)	(5.0, 0.42226381664443324)	(6.0, 0.34263692550576863)	(7.0, 0.3128773803327324)	(8.0, 0.2279650101285865)	(9.0, 0.2150960176213276)	('>10', 3.0093909174787346)	('>50', 1.7975224891389152)	('>100', 6.359235627805757)	('>500', 3.8115198165249353)	('>1k', 35.096385306827806)	('>5k', 30.120336570114752)	('>10k+', 11.799946915405908)
16s-D04_S83_L001_R1_001	(1.0, 3.355027353329561)	(2.0, 1.1491093324709623)	(3.0, 0.7898779206079716)	(4.0, 0.6139003422534831)	(5.0, 0.5335920446276983)	(6.0, 0.39210930552186923)	(7.0, 0.3659686851537446)	(8.0, 0.32015522677661895)	(9.0, 0.28256124181421294)	('>10', 3.7362222761204085)	('>50', 1.468725577384321)	('>100', 6.056269706524375)	('>500', 4.312932869808931)	('>1k', 30.521599698170153)	('>5k', 18.02948230792034)	('>10k+', 28.072466111515347)
16s-D04_S83_L001_R2_001	(1.0, 4.452663917859164)	(2.0, 1.1022179103673162)	(3.0, 0.7053925135419193)	(4.0, 0.4554396744549546)	(5.0, 0.35572802975179885)	(6.0, 0.2942840973401245)	(7.0, 0.2178834182229768)	(8.0, 0.20265718058587331)	(9.0, 0.15886490419597382)	('>10', 2.7948904519362925)	('>50', 2.266283989543752)	('>100', 6.455790012666074)	('>500', 8.984827660549223)	('>1k', 36.82634004365753)	('>5k', 25.067776969304983)	('>10k+', 9.658959226022045)
16s-D05_S91_L001_R1_001	(1.0, 3.3361887496596743)	(2.0, 0.949326320962076)	(3.0, 0.5928641153853816)	(4.0, 0.49245970874753475)	(5.0, 0.39046158136940456)	(6.0, 0.3091818236149571)	(7.0, 0.3012132199135406)	(8.0, 0.28155733078338013)	(9.0, 0.26894037492280415)	('>10', 4.832825334847368)	('>50', 2.2142093485002423)	('>100', 4.278077707167095)	('>500', 2.563101380560591)	('>1k', 14.512819491204654)	('>5k', 8.51246090403809)	('>10k+', 56.16431260832321)
16s-D05_S91_L001_R2_001	(1.0, 2.6097177122138775)	(2.0, 0.7785325816283841)	(3.0, 0.5625834213199992)	(4.0, 0.4207422754347869)	(5.0, 0.3433140094693574)	(6.0, 0.29244775584198257)	(7.0, 0.24822200529912145)	(8.0, 0.21249609870443784)	(9.0, 0.18168416439229437)	('>10', 1.9584171696847754)	('>50', 1.0619492532754282)	('>100', 3.775258813607719)	('>500', 4.087229648518171)	('>1k', 17.408344456176)	('>5k', 32.17669050607274)	('>10k+', 33.882370128360925)
16s-D06_S99_L001_R1_001	(1.0, 2.277053808731159)	(2.0, 0.8141969461483519)	(3.0, 0.561906250862172)	(4.0, 0.46534298352906556)	(5.0, 0.36556094061818883)	(6.0, 0.3540653135547238)	(7.0, 0.27359592411046835)	(8.0, 0.2562758460015144)	(9.0, 0.21243918813283424)	('>10', 3.968597012363164)	('>50', 1.372577871377728)	('>100', 3.4612566712955726)	('>500', 1.5813384588502535)	('>1k', 16.55661519691243)	('>5k', 14.461805395894068)	('>10k+', 53.01737219161831)
16s-D06_S99_L001_R2_001	(1.0, 4.495556556952402)	(2.0, 1.0625024907191971)	(3.0, 0.6970948251285211)	(4.0, 0.537688796515139)	(5.0, 0.4307028273111575)	(6.0, 0.35222601322456937)	(7.0, 0.27896055007341874)	(8.0, 0.22562084049894088)	(9.0, 0.21243918813283424)	('>10', 2.4376860375646436)	('>50', 1.586396534758178)	('>100', 5.2982578760372885)	('>500', 7.1305075549261066)	('>1k', 31.331101648932748)	('>5k', 22.95722707082226)	('>10k+', 20.9660311884026)
16s-D07_S107_L001_R1_001	(1.0, 3.0337662055960233)	(2.0, 0.9107534797208902)	(3.0, 0.5685769714125355)	(4.0, 0.48587979626669703)	(5.0, 0.40738526444794215)	(6.0, 0.3278061795125205)	(7.0, 0.3368893118646044)	(8.0, 0.27113827916668365)	(9.0, 0.29160921924376826)	('>10', 4.732854231994046)	('>50', 1.748299624066776)	('>100', 4.076292888991921)	('>500', 2.536905309023075)	('>1k', 12.405389686713274)	('>5k', 11.19136804174445)	('>10k+', 56.675085510234794)
16s-D07_S107_L001_R2_001	(1.0, 3.4083437382647963)	(2.0, 0.9845030916542282)	(3.0, 0.6511385774187907)	(4.0, 0.4734074354250296)	(5.0, 0.34570130593752163)	(6.0, 0.27900128926251744)	(7.0, 0.2571746577895994)	(8.0, 0.1572602019166765)	(9.0, 0.1647165045937603)	('>10', 1.8407577772626151)	('>50', 1.2464226693292446)	('>100', 7.0161096808566885)	('>500', 10.048791333336045)	('>1k', 35.48196862658972)	('>5k', 27.926836046749663)	('>10k+', 9.717867063613108)
16s-D08_S115_L001_R1_001	(1.0, 1.835482480753788)	(2.0, 0.6604016358117515)	(3.0, 0.462281145068226)	(4.0, 0.38259888196793485)	(5.0, 0.32322474428814596)	(6.0, 0.3218295295646)	(7.0, 0.2669510837717925)	(8.0, 0.21827359230585588)	(9.0, 0.20370134963770925)	('>10', 3.7331295286344566)	('>50', 1.3921142463825182)	('>100', 2.4183721874796533)	('>500', 1.8874154732413317)	('>1k', 12.290601523574479)	('>5k', 12.277114447913535)	('>10k+', 61.32650814960422)
16s-D08_S115_L001_R2_001	(1.0, 4.202231723462241)	(2.0, 0.9918426445830013)	(3.0, 0.7041183638161913)	(4.0, 0.5320418812455238)	(5.0, 0.4387175186261165)	(6.0, 0.35717496922776415)	(7.0, 0.308187430045484)	(8.0, 0.2765625629784424)	(9.0, 0.2581147238560014)	('>10', 2.8194189085700287)	('>50', 0.6842753099702045)	('>100', 4.322375213545365)	('>500', 7.990549745605849)	('>1k', 21.742251132449283)	('>5k', 36.10986230780917)	('>10k+', 18.262275564209332)
16s-D09_S123_L001_R1_001	(1.0, 4.150605406201487)	(2.0, 1.3789766178103786)	(3.0, 0.9174642820109374)	(4.0, 0.6660445041560156)	(5.0, 0.531242626848266)	(6.0, 0.4580558774069349)	(7.0, 0.39238316794931327)	(8.0, 0.3306177592832207)	(9.0, 0.31784389131091445)	('>10', 4.390453562481497)	('>50', 1.890682740701)	('>100', 9.006478605273955)	('>500', 6.688096708700206)	('>1k', 28.153454730163308)	('>5k', 14.414032619950376)	('>10k+', 26.31356689975219)
16s-D09_S123_L001_R2_001	(1.0, 4.3252316954228975)	(2.0, 1.1274065591557825)	(3.0, 0.6929447672976957)	(4.0, 0.5259827988596694)	(5.0, 0.429051683069816)	(6.0, 0.3408368536610657)	(7.0, 0.26719926182071196)	(8.0, 0.23323580109434477)	(9.0, 0.21775687872790309)	('>10', 3.977181363377471)	('>50', 2.7012973741435875)	('>100', 7.944895036375467)	('>500', 9.674476759825733)	('>1k', 37.25731529362614)	('>5k', 19.864867504932967)	('>10k+', 10.420320368608746)
16s-D10_S131_L001_R1_001	(1.0, 2.734648622468789)	(2.0, 0.8992745762802321)	(3.0, 0.5972037097077624)	(4.0, 0.5091441814666715)	(5.0, 0.42495393552708294)	(6.0, 0.32261808982872425)	(7.0, 0.3278216074066069)	(8.0, 0.28285787859259526)	(9.0, 0.2773875139594366)	('>10', 4.023119628869116)	('>50', 1.5569191440080161)	('>100', 5.466095080274266)	('>500', 4.805248347883169)	('>1k', 16.793085459103686)	('>5k', 13.983319390574694)	('>10k+', 46.99630283404915)
16s-D10_S131_L001_R2_001	(1.0, 4.150405674235783)	(2.0, 1.043905680239842)	(3.0, 0.7104802846724385)	(4.0, 0.5795918040595442)	(5.0, 0.42562105316527304)	(6.0, 0.3682489362809259)	(7.0, 0.26431200825091095)	(8.0, 0.21774719710524315)	(9.0, 0.19693312679371255)	('>10', 2.4264402736249706)	('>50', 1.387604687435373)	('>100', 5.565495608364588)	('>500', 5.255819600716751)	('>1k', 40.85401731570541)	('>5k', 35.114270580245574)	('>10k+', 1.4391061691036475)
16s-D11_S139_L001_R1_001	(1.0, 6.128232334241817)	(2.0, 1.9067324564836972)	(3.0, 1.0962025529885429)	(4.0, 0.716831201426918)	(5.0, 0.5907353902888159)	(6.0, 0.4444064404007607)	(7.0, 0.4299541984365083)	(8.0, 0.3786487394634123)	(9.0, 0.31867193531176496)	('>10', 6.379460473720404)	('>50', 4.476220642378069)	('>100', 19.94252825112216)	('>500', 12.279226949577332)	('>1k', 29.39429449574321)	('>5k', 10.129094651345683)	('>10k+', 5.388759287070903)
16s-D11_S139_L001_R2_001	(1.0, 7.7878314531368)	(2.0, 1.6487599374217923)	(3.0, 0.9878107382566501)	(4.0, 0.7081598562483666)	(5.0, 0.5594221993662692)	(6.0, 0.4733109243292654)	(7.0, 0.4063488698948961)	(8.0, 0.4258593965466368)	(9.0, 0.37178392453039244)	('>10', 8.718314964935248)	('>50', 6.469666550647279)	('>100', 24.390687457019634)	('>500', 15.4441475043989)	('>1k', 27.57030112450486)	('>5k', 4.037595098763008)	('>10k+', 0.0)
16s-D12_S147_L001_R1_001	(1.0, 1.872812413707356)	(2.0, 0.6121265832667088)	(3.0, 0.41724074617565454)	(4.0, 0.34582115899243443)	(5.0, 0.29999118098214944)	(6.0, 0.2957985331515555)	(7.0, 0.2560406657924755)	(8.0, 0.2301619084932925)	(9.0, 0.21078898403468618)	('>10', 4.011785677625863)	('>50', 1.5087749227613068)	('>100', 3.467319755901152)	('>500', 1.2061814086429268)	('>1k', 10.622145565841198)	('>5k', 7.6311973479333854)	('>10k+', 67.01181314669785)
16s-D12_S147_L001_R2_001	(1.0, 3.9082706484291303)	(2.0, 0.8035426428427886)	(3.0, 0.6015726766586621)	(4.0, 0.5187317384886516)	(5.0, 0.416373301796911)	(6.0, 0.3782057491321942)	(7.0, 0.28538920060663275)	(8.0, 0.2995574587927777)	(9.0, 0.24461931480568525)	('>10', 3.229784570188539)	('>50', 1.3537915270924565)	('>100', 2.564454731692225)	('>500', 2.128997653562956)	('>1k', 18.09387772214889)	('>5k', 19.485836801906064)	('>10k+', 45.68699426185543)
16s-E01_S60_L001_R1_001	(1.0, 4.163534128057378)	(2.0, 1.4375650026781703)	(3.0, 0.8942446959015585)	(4.0, 0.6480451758104768)	(5.0, 0.5152175322881664)	(6.0, 0.46189431915624424)	(7.0, 0.3556081848730211)	(8.0, 0.3209000574065223)	(9.0, 0.28427037271004424)	('>10', 4.4946424582481646)	('>50', 2.450225662877196)	('>100', 9.950904212774033)	('>500', 8.695406757636388)	('>1k', 32.90126318368406)	('>5k', 13.223436272755439)	('>10k+', 19.20284198314314)
16s-E01_S60_L001_R2_001	(1.0, 5.825681131989365)	(2.0, 1.2391642186828205)	(3.0, 0.7220251291646751)	(4.0, 0.5471634212365701)	(5.0, 0.4377547564546308)	(6.0, 0.3307480382101655)	(7.0, 0.27574346250201165)	(8.0, 0.27958657696197)	(9.0, 0.24968234257041907)	('>10', 5.729603270490405)	('>50', 4.495242944882532)	('>100', 11.73975389655777)	('>500', 12.323667099817692)	('>1k', 27.051322391666204)	('>5k', 4.689560419764177)	('>10k+', 24.06330089904859)
16s-E02_S68_L001_R1_001	(1.0, 3.662943405331008)	(2.0, 1.2370659165309514)	(3.0, 0.7919195907154255)	(4.0, 0.6132688479823653)	(5.0, 0.48364013226077085)	(6.0, 0.4217868364342233)	(7.0, 0.34929565107722343)	(8.0, 0.3325162995498089)	(9.0, 0.31485959630854266)	('>10', 4.413408127566939)	('>50', 1.9649388321351997)	('>100', 7.182330136483025)	('>500', 6.006788508885927)	('>1k', 25.121540629609523)	('>5k', 14.194125033586118)	('>10k+', 32.90957245554294)
16s-E02_S68_L001_R2_001	(1.0, 4.731996468659352)	(2.0, 1.2214929236100829)	(3.0, 0.7685601013341229)	(4.0, 0.543519386731152)	(5.0, 0.4244188915757785)	(6.0, 0.3184786721281811)	(7.0, 0.3070730998481085)	(8.0, 0.23951701788152463)	(9.0, 0.2023392390070572)	('>10', 3.6376098745935392)	('>50', 2.4778605778457723)	('>100', 10.768066590995081)	('>500', 7.126947309546135)	('>1k', 35.06851568540361)	('>5k', 19.44255265481145)	('>10k+', 12.721051506029053)
16s-E03_S76_L001_R1_001	(1.0, 3.894143568394016)	(2.0, 1.3039720507857673)	(3.0, 0.8585618814592996)	(4.0, 0.6485775846328014)	(5.0, 0.5063969129265116)	(6.0, 0.4353065770733667)	(7.0, 0.3757805937990724)	(8.0, 0.35058247817989263)	(9.0, 0.2826571230325385)	('>10', 4.064809066452422)	('>50', 2.323826218213247)	('>100', 8.734251177738013)	('>500', 7.065332505569148)	('>1k', 28.6781336352238)	('>5k', 17.61396973791525)	('>10k+', 22.86369888860485)
16s-E03_S76_L001_R2_001	(1.0, 4.794093659082886)	(2.0, 1.07804112040317)	(3.0, 0.7091991381514078)	(4.0, 0.5604450449792451)	(5.0, 0.44674919962507154)	(6.0, 0.38491034583500716)	(7.0, 0.32806242315792034)	(8.0, 0.26001533798342036)	(9.0, 0.23554760252711537)	('>10', 3.508989762504717)	('>50', 2.7626629660738415)	('>100', 10.297021266235742)	('>500', 9.532800155814435)	('>1k', 18.18390972501187)	('>5k', 33.437290776515844)	('>10k+', 13.48026147609831)
16s-E04_S84_L001_R1_001	(1.0, 3.1103194923744852)	(2.0, 1.032784147834799)	(3.0, 0.7000723589001447)	(4.0, 0.5298897918290103)	(5.0, 0.42441277969497937)	(6.0, 0.39157297116776135)	(7.0, 0.3506623622397863)	(8.0, 0.33730379605922295)	(9.0, 0.29681064232439053)	('>10', 4.234526327507514)	('>50', 1.537626628075253)	('>100', 5.551458310141378)	('>500', 5.22125125236558)	('>1k', 17.899365468106424)	('>5k', 20.793304018701992)	('>10k+', 37.58863965267728)
16s-E04_S84_L001_R2_001	(1.0, 5.0570522097294885)	(2.0, 1.158299009239675)	(3.0, 0.7672826449961038)	(4.0, 0.617833685851052)	(5.0, 0.45224312590448623)	(6.0, 0.361516197261494)	(7.0, 0.2815039519091617)	(8.0, 0.27273739285316706)	(9.0, 0.20413558944673274)	('>10', 3.1911666481131022)	('>50', 1.5042302126238452)	('>100', 11.492541467215853)	('>500', 5.836301903595681)	('>1k', 27.696482244239117)	('>5k', 39.62665590559947)	('>10k+', 1.480017811421574)
16s-E05_S92_L001_R1_001	(1.0, 3.5604786405416977)	(2.0, 0.9753418196036568)	(3.0, 0.6730882617627527)	(4.0, 0.5157550442829392)	(5.0, 0.4616038678525102)	(6.0, 0.385419834536348)	(7.0, 0.3562495733073491)	(8.0, 0.3376302576292646)	(9.0, 0.263928799736847)	('>10', 5.713802498712163)	('>50', 2.0208163949280986)	('>100', 3.3176517319066803)	('>500', 2.9215257908554335)	('>1k', 12.926459909510127)	('>5k', 15.942168405503871)	('>10k+', 49.62807916933026)
16s-E05_S92_L001_R2_001	(1.0, 3.0372758699875253)	(2.0, 0.9526883188619875)	(3.0, 0.7266187943372454)	(4.0, 0.5306504968254067)	(5.0, 0.41893460275690003)	(6.0, 0.35842182680312556)	(7.0, 0.27587619396361784)	(8.0, 0.22343178813701337)	(9.0, 0.17734898183375433)	('>10', 1.8744996058911514)	('>50', 1.621276912669203)	('>100', 3.242864147266374)	('>500', 3.0518610006020244)	('>1k', 32.412815054337365)	('>5k', 49.50208846657522)	('>10k+', 1.5933479391520764)
16s-E06_S100_L001_R1_001	(1.0, 2.7245123069677515)	(2.0, 0.9872840393624669)	(3.0, 0.6644275338968346)	(4.0, 0.5126044171231688)	(5.0, 0.4282031579208289)	(6.0, 0.3554519991076519)	(7.0, 0.3348784175693429)	(8.0, 0.2984408695436631)	(9.0, 0.2587809533252361)	('>10', 3.5336985350618444)	('>50', 1.1836006246436805)	('>100', 4.0485338224723)	('>500', 4.704657561410901)	('>1k', 23.814416379545396)	('>5k', 16.606722355799022)	('>10k+', 39.5437870262499)
16s-E06_S100_L001_R2_001	(1.0, 4.611828570012146)	(2.0, 1.2130976873311354)	(3.0, 0.7268919019408572)	(4.0, 0.47591899462112386)	(5.0, 0.3333911707111519)	(6.0, 0.2840641499144833)	(7.0, 0.2004065141412389)	(8.0, 0.1953250873757529)	(9.0, 0.14835287410455347)	('>10', 2.0199291078997597)	('>50', 1.353146766477456)	('>100', 8.367002949706269)	('>500', 11.34905683761743)	('>1k', 40.62352824529658)	('>5k', 28.09805914285006)	('>10k+', 0.0)
16s-E07_S108_L001_R1_001	(1.0, 1.925072687561732)	(2.0, 0.5614679409596149)	(3.0, 0.3668461249530487)	(4.0, 0.29714953466048993)	(5.0, 0.2580582335183562)	(6.0, 0.25624973915946747)	(7.0, 0.2230012659460512)	(8.0, 0.19364801135177998)	(9.0, 0.18029297608613998)	('>10', 3.948360530306192)	('>50', 1.7630037700151635)	('>100', 2.712602423382441)	('>500', 1.0505961075636798)	('>1k', 7.026835273986895)	('>5k', 4.536677656747771)	('>10k+', 74.70013772380118)
16s-E07_S108_L001_R2_001	(1.0, 3.6139281888624573)	(2.0, 0.79239875909464)	(3.0, 0.60431534577021)	(4.0, 0.4963621440396199)	(5.0, 0.44586341694141873)	(6.0, 0.35891657276407496)	(7.0, 0.2950628104002337)	(8.0, 0.2782299013675)	(9.0, 0.2366345311130587)	('>10', 3.312048745878719)	('>50', 0.8664079128583949)	('>100', 2.536761125718181)	('>500', 1.313106019503916)	('>1k', 20.811457507338314)	('>5k', 23.22816243061642)	('>10k+', 40.81034458773284)
16s-E08_S116_L001_R1_001	(1.0, 4.357945985984456)	(2.0, 1.4184247603558056)	(3.0, 0.9268131309070827)	(4.0, 0.6763943384265001)	(5.0, 0.581894194106196)	(6.0, 0.5069003557264847)	(7.0, 0.4326973135335542)	(8.0, 0.3922349086432705)	(9.0, 0.3368791755686154)	('>10', 4.868273125186991)	('>50', 2.025097234981133)	('>100', 7.420040620564128)	('>500', 6.718736202254033)	('>1k', 28.57120262966092)	('>5k', 17.73149569872774)	('>10k+', 23.03497032537309)
16s-E08_S116_L001_R2_001	(1.0, 5.099053812362516)	(2.0, 1.0290894377307311)	(3.0, 0.7216015204374685)	(4.0, 0.6110218536526217)	(5.0, 0.4942476167379921)	(6.0, 0.42544834848806357)	(7.0, 0.36903822049770074)	(8.0, 0.3395151628578847)	(9.0, 0.3356929812884442)	('>10', 4.190560793115856)	('>50', 2.4121919684103283)	('>100', 11.877758725447427)	('>500', 2.9556007480931927)	('>1k', 13.172292083207573)	('>5k', 26.056470755698015)	('>10k+', 29.910415971974185)
16s-E09_S124_L001_R1_001	(1.0, 4.01477470670948)	(2.0, 1.4167703898863)	(3.0, 0.8751495309450356)	(4.0, 0.658662624286247)	(5.0, 0.5876303804906714)	(6.0, 0.4116641401789044)	(7.0, 0.3299770598139924)	(8.0, 0.2828374798405649)	(9.0, 0.26733953573971203)	('>10', 3.6962596680534094)	('>50', 2.3182341384192418)	('>100', 10.994822718048809)	('>500', 7.05834491643218)	('>1k', 34.48114981830275)	('>5k', 13.931198814407274)	('>10k+', 18.67518407844543)
16s-E09_S124_L001_R2_001	(1.0, 5.356315492939556)	(2.0, 1.3538099919765851)	(3.0, 0.7608521932012456)	(4.0, 0.510140659986407)	(5.0, 0.37614801828111655)	(6.0, 0.25765332067667895)	(7.0, 0.21471110056389917)	(8.0, 0.18339233852675899)	(9.0, 0.15255788724277047)	('>10', 4.312464382980028)	('>50', 3.6983583479837336)	('>100', 13.592181287201118)	('>500', 9.136360921288201)	('>1k', 52.17996341839445)	('>5k', 7.9150906387574524)	('>10k+', 0.0)
16s-E10_S132_L001_R1_001	(1.0, 2.8997063015088775)	(2.0, 0.8990875801393029)	(3.0, 0.603835813612129)	(4.0, 0.43647038874600197)	(5.0, 0.40514600141606943)	(6.0, 0.330071023517884)	(7.0, 0.29356905150531803)	(8.0, 0.268198886560414)	(9.0, 0.2597853114511346)	('>10', 4.586822270344995)	('>50', 2.003466392945023)	('>100', 5.084129279111941)	('>500', 2.9556242160813193)	('>1k', 15.022761956661027)	('>5k', 9.237846590754646)	('>10k+', 54.71347893564392)
16s-E10_S132_L001_R2_001	(1.0, 3.743005406692805)	(2.0, 0.8838137053255343)	(3.0, 0.605389089016919)	(4.0, 0.5089565743028707)	(5.0, 0.40061561481876506)	(6.0, 0.3417205890538093)	(7.0, 0.30081767006100485)	(8.0, 0.21745855667060593)	(9.0, 0.23532122382569146)	('>10', 3.188227207948628)	('>50', 1.463314870929286)	('>100', 5.491216874783998)	('>500', 3.622885442055708)	('>1k', 18.67943113877092)	('>5k', 28.829568150605585)	('>10k+', 31.48825788513787)
16s-E11_S140_L001_R1_001	(1.0, 1.7282089552238806)	(2.0, 0.49791044776119403)	(3.0, 0.333134328358209)	(4.0, 0.2591044776119403)	(5.0, 0.26492537313432835)	(6.0, 0.20059701492537316)	(7.0, 0.23194029850746267)	(8.0, 0.1791044776119403)	(9.0, 0.1880597014925373)	('>10', 3.982985074626866)	('>50', 1.5485074626865671)	('>100', 2.734179104477612)	('>500', 1.8628358208955222)	('>1k', 4.395970149253731)	('>5k', 1.265373134328358)	('>10k+', 80.32716417910449)
16s-E11_S140_L001_R2_001	(1.0, 3.0428358208955224)	(2.0, 0.6164179104477612)	(3.0, 0.5064179104477612)	(4.0, 0.43402985074626865)	(5.0, 0.4119402985074627)	(6.0, 0.3913432835820896)	(7.0, 0.31343283582089554)	(8.0, 0.2614925373134328)	(9.0, 0.26865671641791045)	('>10', 2.795074626865672)	('>50', 0.5826865671641791)	('>100', 3.186268656716418)	('>500', 1.592089552238806)	('>1k', 2.3135820895522388)	('>5k', 28.33089552238806)	('>10k+', 54.952835820895515)
16s-E12_S148_L001_R1_001	(1.0, 2.1001324793868585)	(2.0, 0.5234049773174038)	(3.0, 0.3604193409621808)	(4.0, 0.2810688155862941)	(5.0, 0.2399367937931779)	(6.0, 0.22108461713799965)	(7.0, 0.2411364777621438)	(8.0, 0.2179997155035159)	(9.0, 0.16658468826212067)	('>10', 4.6448335609876485)	('>50', 1.7381706876074359)	('>100', 3.04205577844922)	('>500', 1.044239203272738)	('>1k', 1.7402272886970918)	('>5k', 4.100005655652997)	('>10k+', 79.33869991962116)
16s-E12_S148_L001_R2_001	(1.0, 3.1524267035940814)	(2.0, 0.6680525872898625)	(3.0, 0.5686502012898317)	(4.0, 0.4990685310898101)	(5.0, 0.4293154774656505)	(6.0, 0.38561270431046446)	(7.0, 0.3383108792483809)	(8.0, 0.32768510695182584)	(9.0, 0.2976930077276786)	('>10', 2.80229036808018)	('>50', 1.0332706641279068)	('>100', 2.1765694865523995)	('>500', 0.46856228159324886)	('>1k', 2.875813857035375)	('>5k', 36.00080207442497)	('>10k+', 47.97587606921834)
16s-F01_S61_L001_R1_001	(1.0, 3.8221751566401405)	(2.0, 1.380561568529737)	(3.0, 0.8654789528600129)	(4.0, 0.6779520242526176)	(5.0, 0.5424654405390393)	(6.0, 0.4570725554015542)	(7.0, 0.3879017229117676)	(8.0, 0.32911300411650807)	(9.0, 0.30951676451808824)	('>10', 3.9074382653564435)	('>50', 1.9086218263176202)	('>100', 8.255207927782017)	('>500', 7.7261094586246815)	('>1k', 32.42528771432576)	('>5k', 18.940609118610457)	('>10k+', 18.064488499213553)
16s-F01_S61_L001_R2_001	(1.0, 4.993537134225157)	(2.0, 1.1576056769397682)	(3.0, 0.7276563935651659)	(4.0, 0.5097617824012791)	(5.0, 0.3951692024979365)	(6.0, 0.33248719106722935)	(7.0, 0.31613536199834924)	(8.0, 0.28031706975223086)	(9.0, 0.23126158254559046)	('>10', 4.560992322426923)	('>50', 3.0951676451808825)	('>100', 9.081105072181646)	('>500', 12.760266612679674)	('>1k', 28.622968350126403)	('>5k', 17.434164421534582)	('>10k+', 15.501404180877184)
16s-F02_S69_L001_R1_001	(1.0, 4.5637819593419)	(2.0, 1.384134065032586)	(3.0, 0.9458115400803725)	(4.0, 0.6911287274170069)	(5.0, 0.5388552141614368)	(6.0, 0.4608418473350795)	(7.0, 0.39408814170015527)	(8.0, 0.36459855286544973)	(9.0, 0.3365834434724795)	('>10', 4.962695670124098)	('>50', 1.939208553053111)	('>100', 7.751874599544788)	('>500', 6.5706825231292205)	('>1k', 27.08913630356047)	('>5k', 14.815971561312876)	('>10k+', 27.190607297868972)
16s-F02_S69_L001_R2_001	(1.0, 4.286445780710055)	(2.0, 1.1736856356212786)	(3.0, 0.6755796714859804)	(4.0, 0.47826751346467816)	(5.0, 0.3900668341317863)	(6.0, 0.29838102157297464)	(7.0, 0.2223783085308019)	(8.0, 0.19409511196660706)	(9.0, 0.20026111690477277)	('>10', 3.8752000600515264)	('>50', 2.5149257532579297)	('>100', 12.033360767587189)	('>500', 11.11341963952999)	('>1k', 34.61005380509526)	('>5k', 25.05113762791109)	('>10k+', 2.8827413521780745)
16s-F03_S77_L001_R1_001	(1.0, 4.343662231226116)	(2.0, 1.381805265961995)	(3.0, 0.88243999657969)	(4.0, 0.6440706951780206)	(5.0, 0.5702709280222057)	(6.0, 0.47673860280333874)	(7.0, 0.3701827892628574)	(8.0, 0.32940216926588306)	(9.0, 0.32677116152414276)	('>10', 4.44390362618642)	('>50', 2.2032058829333105)	('>100', 8.184801983779836)	('>500', 7.4554866377694315)	('>1k', 28.031545782823464)	('>5k', 17.922161635960617)	('>10k+', 22.433550610722673)
16s-F03_S77_L001_R2_001	(1.0, 5.025619437885196)	(2.0, 1.12738681733571)	(3.0, 0.7352351134293212)	(4.0, 0.5530378273138068)	(5.0, 0.4781856570612959)	(6.0, 0.4009655798412187)	(7.0, 0.32229844836318433)	(8.0, 0.2883584484947347)	(9.0, 0.2652055803674202)	('>10', 3.545282931995027)	('>50', 3.1595771970559023)	('>100', 10.075575697381488)	('>500', 8.399623765892931)	('>1k', 21.03096038360093)	('>5k', 34.0039333565739)	('>10k+', 10.588753757407932)
16s-F04_S85_L001_R1_001	(1.0, 4.261176525716488)	(2.0, 1.2464497788514857)	(3.0, 0.8489291413606296)	(4.0, 0.6721665265235037)	(5.0, 0.5154491566679076)	(6.0, 0.47171407670820636)	(7.0, 0.4245947346087663)	(8.0, 0.3311370339805952)	(9.0, 0.31981277220531534)	('>10', 5.132233534913871)	('>50', 1.787280901567434)	('>100', 5.951224972730658)	('>500', 4.404877502726935)	('>1k', 20.853953468998856)	('>5k', 19.639784344403342)	('>10k+', 33.13921552803601)
16s-F04_S85_L001_R2_001	(1.0, 3.864046380010986)	(2.0, 1.0454766733223824)	(3.0, 0.6653980022440261)	(4.0, 0.5050360423917882)	(5.0, 0.3872376871431881)	(6.0, 0.31707932970783403)	(7.0, 0.2523878572674426)	(8.0, 0.22075802265373012)	(9.0, 0.1862645816140848)	('>10', 3.2179126391777806)	('>50', 1.649567465265756)	('>100', 9.859396924486699)	('>500', 7.564086210173092)	('>1k', 25.953255530014502)	('>5k', 41.451744326805176)	('>10k+', 2.8603523277215324)
16s-F05_S93_L001_R1_001	(1.0, 2.4340311405796022)	(2.0, 0.784027415629889)	(3.0, 0.5207479699024063)	(4.0, 0.45891380466363707)	(5.0, 0.3866497802279669)	(6.0, 0.3406094017730761)	(7.0, 0.29412202935260373)	(8.0, 0.29799597705430975)	(9.0, 0.24942263279445726)	('>10', 4.742307978842286)	('>50', 1.5367652536690755)	('>100', 3.0780004469939657)	('>500', 2.5967369440512553)	('>1k', 13.61349921776056)	('>5k', 11.99955300603442)	('>10k+', 56.66661700067049)
16s-F05_S93_L001_R2_001	(1.0, 3.830440289056098)	(2.0, 0.9410712955375102)	(3.0, 0.7151903449303434)	(4.0, 0.5971839380168368)	(5.0, 0.48796841242643224)	(6.0, 0.42106831557773966)	(7.0, 0.3420993816583476)	(8.0, 0.31349176786113386)	(9.0, 0.2842881621098115)	('>10', 2.3067868583774116)	('>50', 1.6705654473664604)	('>100', 2.611785740892498)	('>500', 2.6988005661923564)	('>1k', 28.768531624823062)	('>5k', 44.04157043879908)	('>10k+', 9.969157416374879)
16s-F06_S101_L001_R1_001	(1.0, 4.260619935317417)	(2.0, 1.3081870707511174)	(3.0, 0.8634034666957375)	(4.0, 0.668047530796904)	(5.0, 0.5508921109051929)	(6.0, 0.44739997819688215)	(7.0, 0.40495657545695696)	(8.0, 0.37094371161742795)	(9.0, 0.33358770304153496)	('>10', 4.680693339147498)	('>50', 1.569533776663396)	('>100', 4.915149533049893)	('>500', 5.441331443729787)	('>1k', 24.619935317417056)	('>5k', 18.0226025655002)	('>10k+', 31.542715941713002)
16s-F06_S101_L001_R2_001	(1.0, 3.6783313347141973)	(2.0, 1.0378284094625532)	(3.0, 0.5424615720047967)	(4.0, 0.3651295468585341)	(5.0, 0.2703586612885643)	(6.0, 0.20843780660634473)	(7.0, 0.15770921908499583)	(8.0, 0.14302845306878884)	(9.0, 0.10857952687234275)	('>10', 1.918092953959083)	('>50', 1.6707002434681495)	('>100', 9.643955085577236)	('>500', 13.749046113594243)	('>1k', 43.094007776445366)	('>5k', 23.412333296994802)	('>10k+', 0.0)
16s-F07_S109_L001_R1_001	(1.0, 2.999756762638741)	(2.0, 0.981654782174542)	(3.0, 0.6594292883386887)	(4.0, 0.45831039647689886)	(5.0, 0.38853967969480113)	(6.0, 0.33336320458822477)	(7.0, 0.26704901872927683)	(8.0, 0.2468219118456595)	(9.0, 0.2292832179022698)	('>10', 3.9357085248294137)	('>50', 1.7018934108279031)	('>100', 5.326002073918554)	('>500', 4.688336128429327)	('>1k', 18.95279914994943)	('>5k', 6.750604892911551)	('>10k+', 52.080447556744716)
16s-F07_S109_L001_R2_001	(1.0, 4.641993010126355)	(2.0, 1.043104220808316)	(3.0, 0.6432988106973231)	(4.0, 0.46496741899555766)	(5.0, 0.40774262926785554)	(6.0, 0.34411685634913525)	(7.0, 0.2894524598978403)	(8.0, 0.23658033874003045)	(9.0, 0.1924135547220053)	('>10', 3.855056136622585)	('>50', 1.6607990987415666)	('>100', 8.762177870520912)	('>500', 6.682114372767657)	('>1k', 21.229372831666943)	('>5k', 23.29509812707232)	('>10k+', 26.251712263003597)
16s-F08_S117_L001_R1_001	(1.0, 3.4619985190529534)	(2.0, 1.2328567721683217)	(3.0, 0.7909776149157949)	(4.0, 0.6197193795211604)	(5.0, 0.5170656996209029)	(6.0, 0.44656249406671855)	(7.0, 0.35618675121988264)	(8.0, 0.3372002506218079)	(9.0, 0.3007461694735043)	('>10', 4.4056275987772695)	('>50', 1.8251090141576005)	('>100', 7.433214984146272)	('>500', 5.929610713449404)	('>1k', 27.533083977292144)	('>5k', 20.515799932914362)	('>10k+', 24.294240128601896)
16s-F08_S117_L001_R2_001	(1.0, 4.307404102349896)	(2.0, 0.8893276880138221)	(3.0, 0.6231369496288139)	(4.0, 0.5427607637636308)	(5.0, 0.4714980981855234)	(6.0, 0.41998139322941386)	(7.0, 0.31720113665850247)	(8.0, 0.301758782838735)	(9.0, 0.26770965843285427)	('>10', 3.8198307669913363)	('>50', 2.118007430050567)	('>100', 10.97964014252533)	('>500', 3.354281772326542)	('>1k', 11.563285170910149)	('>5k', 24.694855291221273)	('>10k+', 35.32932085287361)
16s-F09_S125_L001_R1_001	(1.0, 3.8804606825023233)	(2.0, 1.3972810218711833)	(3.0, 0.882931021652311)	(4.0, 0.6513640853835592)	(5.0, 0.5209161704344325)	(6.0, 0.45525446827883165)	(7.0, 0.4034546810227467)	(8.0, 0.3268493618412125)	(9.0, 0.24820123414817075)	('>10', 3.602930554724651)	('>50', 1.9100259582595855)	('>100', 10.482525961907458)	('>500', 7.183390215822719)	('>1k', 34.68469980199349)	('>5k', 17.05176039023479)	('>10k+', 16.317954389922534)
16s-F09_S125_L001_R2_001	(1.0, 5.155173193683052)	(2.0, 1.2831755750141174)	(3.0, 0.7428527237203629)	(4.0, 0.5118694470263274)	(5.0, 0.36843510653975964)	(6.0, 0.29066246820879255)	(7.0, 0.2441156171251556)	(8.0, 0.16692663836890495)	(9.0, 0.1628410213458898)	('>10', 4.227008554990216)	('>50', 3.538144341931125)	('>100', 10.505580515108758)	('>500', 8.236020258823839)	('>1k', 55.696590406679405)	('>5k', 8.8706041314343)	('>10k+', 0.0)
16s-F10_S133_L001_R1_001	(1.0, 2.6431115251942203)	(2.0, 0.8314979218501424)	(3.0, 0.5654376251619744)	(4.0, 0.4421646075551129)	(5.0, 0.37005703161905307)	(6.0, 0.3305525510732249)	(7.0, 0.2831947701779248)	(8.0, 0.2636805087034796)	(9.0, 0.21953544158750896)	('>10', 4.1465425845211445)	('>50', 1.832436748210102)	('>100', 4.867618343881744)	('>500', 2.96652471231338)	('>1k', 15.934703377276119)	('>5k', 10.039730560404374)	('>10k+', 54.26321169047049)
16s-F10_S133_L001_R2_001	(1.0, 4.033740634046913)	(2.0, 0.8812354907301309)	(3.0, 0.598635667548378)	(4.0, 0.4854767488764426)	(5.0, 0.3992094344314865)	(6.0, 0.34054766060891634)	(7.0, 0.3040179150439487)	(8.0, 0.2341711376933429)	(9.0, 0.20347187269086198)	('>10', 3.2265165496405923)	('>50', 1.4473870522875116)	('>100', 5.559898668627612)	('>500', 2.7319966064223338)	('>1k', 20.552919940362514)	('>5k', 28.60433763955969)	('>10k+', 30.396436981429325)
16s-F11_S141_L001_R1_001	(1.0, 1.6984557130682323)	(2.0, 0.4946533391152326)	(3.0, 0.3500602585165598)	(4.0, 0.2987618618992445)	(5.0, 0.2537560686003198)	(6.0, 0.21093900689040063)	(7.0, 0.19055644396778734)	(8.0, 0.17509852712043633)	(9.0, 0.16374448200247052)	('>10', 3.886640119176435)	('>50', 1.617062257102092)	('>100', 2.556848883131309)	('>500', 1.6418222832027163)	('>1k', 6.303957363508646)	('>5k', 4.350377624596965)	('>10k+', 75.80726576810115)
16s-F11_S141_L001_R2_001	(1.0, 4.061465054848245)	(2.0, 0.6850729873587071)	(3.0, 0.48056337951101)	(4.0, 0.4016322465825008)	(5.0, 0.3741363059956198)	(6.0, 0.3726315530281786)	(7.0, 0.34759793547892864)	(8.0, 0.29000693554322265)	(9.0, 0.28562947236521175)	('>10', 3.9278156321946)	('>50', 0.8303500465789442)	('>100', 2.141263472668898)	('>500', 1.3100926517440772)	('>1k', 4.7303961467380375)	('>5k', 28.394688495616382)	('>10k+', 51.36665768374744)
16s-F12_S149_L001_R1_001	(1.0, 2.235738944599704)	(2.0, 0.5971269492558331)	(3.0, 0.3840808213650561)	(4.0, 0.27498393436253044)	(5.0, 0.25074018169530254)	(6.0, 0.2371238274575444)	(7.0, 0.2045774197672932)	(8.0, 0.21653324300044668)	(9.0, 0.20773242867604202)	('>10', 4.8929206581680695)	('>50', 1.9125996111036387)	('>100', 3.111502996428198)	('>500', 1.032518178663173)	('>1k', 2.473194878258169)	('>5k', 1.4303814073664478)	('>10k+', 80.53824451983255)
16s-F12_S149_L001_R2_001	(1.0, 2.305481246793099)	(2.0, 0.6293412507451632)	(3.0, 0.523565425751847)	(4.0, 0.45498549526167475)	(5.0, 0.39354584809130266)	(6.0, 0.35369310398079096)	(7.0, 0.27548209366391185)	(8.0, 0.28162605838094906)	(9.0, 0.2331385530464932)	('>10', 1.8264180519646573)	('>50', 0.9089746719205868)	('>100', 1.8928392921488433)	('>500', 1.5966005609273735)	('>1k', 1.7613252365841547)	('>5k', 42.61570164907334)	('>10k+', 43.94728146166581)
16s-G01_S62_L001_R1_001	(1.0, 4.38417838663046)	(2.0, 1.5597346627217337)	(3.0, 0.985895513314149)	(4.0, 0.7308934192572177)	(5.0, 0.5691106337561977)	(6.0, 0.45799051594860773)	(7.0, 0.3806455099366379)	(8.0, 0.3485591537307989)	(9.0, 0.3146151663762007)	('>10', 4.158222888717762)	('>50', 2.2068658047258136)	('>100', 9.684844431835069)	('>500', 8.791154973722962)	('>1k', 34.65174482227536)	('>5k', 17.10726300004053)	('>10k+', 13.668281117010498)
16s-G01_S62_L001_R2_001	(1.0, 5.178400140504466)	(2.0, 1.250354638673854)	(3.0, 0.7259960280468528)	(4.0, 0.5390507842580959)	(5.0, 0.43232143098393655)	(6.0, 0.36781096745430225)	(7.0, 0.328631837771383)	(8.0, 0.3120820329915292)	(9.0, 0.2614193652980991)	('>10', 5.228218430403005)	('>50', 3.495892946405653)	('>100', 10.258345830124698)	('>500', 16.918460125103014)	('>1k', 25.24605168943109)	('>5k', 18.232987476188548)	('>10k+', 11.223976276361475)
16s-G02_S70_L001_R1_001	(1.0, 2.6820229507198734)	(2.0, 0.9207682707819681)	(3.0, 0.5988798587648008)	(4.0, 0.4839740662953155)	(5.0, 0.3773120668837955)	(6.0, 0.3584147566432289)	(7.0, 0.30628861899978693)	(8.0, 0.2972838604287787)	(9.0, 0.24655282622591543)	('>10', 4.43921914792155)	('>50', 1.6005641291003359)	('>100', 5.4742590732454675)	('>500', 4.255192321350663)	('>1k', 17.094075629825788)	('>5k', 10.600122769102772)	('>10k+', 50.26506965370996)
16s-G02_S70_L001_R2_001	(1.0, 4.600036526344626)	(2.0, 1.1236924075934214)	(3.0, 0.7864578577298877)	(4.0, 0.5793484105966984)	(5.0, 0.4889203421300946)	(6.0, 0.38580951511277506)	(7.0, 0.3142787568867379)	(8.0, 0.26278675717083166)	(9.0, 0.20203634371290294)	('>10', 3.206835499548494)	('>50', 1.958471575401536)	('>100', 5.829249485080003)	('>500', 4.973670593248714)	('>1k', 39.43069633417547)	('>5k', 24.745076553130612)	('>10k+', 11.112633042137197)
16s-G03_S78_L001_R1_001	(1.0, 3.842015861900181)	(2.0, 1.3181902991855814)	(3.0, 0.8290786964454901)	(4.0, 0.6120861573056577)	(5.0, 0.5088602257885516)	(6.0, 0.41581149878721646)	(7.0, 0.3723160652019569)	(8.0, 0.3217935142129507)	(9.0, 0.2638803742303489)	('>10', 4.102140363035424)	('>50', 1.9019256724830198)	('>100', 8.889545830132764)	('>500', 7.090846089166851)	('>1k', 27.479784921744567)	('>5k', 16.34955789738955)	('>10k+', 25.702166532989896)
16s-G03_S78_L001_R2_001	(1.0, 5.446258302296898)	(2.0, 1.1386353338001924)	(3.0, 0.7302144240065715)	(4.0, 0.5636232786591291)	(5.0, 0.4785709266344712)	(6.0, 0.40708818063084123)	(7.0, 0.3333034478915013)	(8.0, 0.273330635566422)	(9.0, 0.25406664130442685)	('>10', 3.9214949828804877)	('>50', 2.7423931454104444)	('>100', 11.44911276584918)	('>500', 7.1310702784434685)	('>1k', 22.89386387262017)	('>5k', 29.69441731869431)	('>10k+', 12.542556465311483)
16s-G04_S86_L001_R1_001	(1.0, 3.707201137412598)	(2.0, 1.2089556084717836)	(3.0, 0.7812132906298361)	(4.0, 0.620241518288182)	(5.0, 0.5411197996795722)	(6.0, 0.4674547513198321)	(7.0, 0.4021262825069762)	(8.0, 0.36377801659130904)	(9.0, 0.31785104199665626)	('>10', 4.219521844112025)	('>50', 1.6865658294214565)	('>100', 6.599084795139926)	('>500', 5.131695220714732)	('>1k', 24.260052778127243)	('>5k', 21.026975655671983)	('>10k+', 28.666162429915893)
16s-G04_S86_L001_R2_001	(1.0, 4.803082412393917)	(2.0, 1.2110776469018998)	(3.0, 0.8075871968327061)	(4.0, 0.5862889034063264)	(5.0, 0.46381697115391907)	(6.0, 0.383785807503831)	(7.0, 0.2917802841409458)	(8.0, 0.227967557063887)	(9.0, 0.20871763701926357)	('>10', 3.671278058274207)	('>50', 1.9854700997206487)	('>100', 10.248081449897915)	('>500', 6.4660026707369385)	('>1k', 45.11241498583539)	('>5k', 23.532648319118202)	('>10k+', 0.0)
16s-G05_S94_L001_R1_001	(1.0, 2.1717237794931563)	(2.0, 0.6959406661969447)	(3.0, 0.48252526355841974)	(4.0, 0.4143475646277774)	(5.0, 0.3204831974380549)	(6.0, 0.2700701102006081)	(7.0, 0.27307088920283706)	(8.0, 0.23526107377475192)	(9.0, 0.22577861212770833)	('>10', 4.521213707078357)	('>50', 1.6273824684888198)	('>100', 2.920238093809153)	('>500', 2.3816582784890956)	('>1k', 12.861578865873579)	('>5k', 9.670070350262929)	('>10k+', 60.9286570793778)
16s-G05_S94_L001_R2_001	(1.0, 3.540919222630195)	(2.0, 0.8459796163083937)	(3.0, 0.638805833994505)	(4.0, 0.5579048320944118)	(5.0, 0.4681215243477207)	(6.0, 0.4047450718206447)	(7.0, 0.34785030193838323)	(8.0, 0.30824001910896065)	(9.0, 0.24954478182536186)	('>10', 2.444194512895548)	('>50', 1.2498844700084142)	('>100', 2.7519544073641518)	('>500', 2.7781212002635884)	('>1k', 14.882423477134665)	('>5k', 51.09570444487389)	('>10k+', 17.43560628339117)
16s-G06_S102_L001_R1_001	(1.0, 3.691101382342881)	(2.0, 1.2060986280971528)	(3.0, 0.8295705711934744)	(4.0, 0.6044230026910561)	(5.0, 0.5309306603183935)	(6.0, 0.42199715096975554)	(7.0, 0.39809496859060917)	(8.0, 0.36045589978666615)	(9.0, 0.3300973807878654)	('>10', 4.521221428993347)	('>50', 1.314620030853047)	('>100', 4.13782492887727)	('>500', 5.43609806488481)	('>1k', 25.406646180390048)	('>5k', 20.721543696348874)	('>10k+', 30.089276024874756)
16s-G06_S102_L001_R2_001	(1.0, 3.914325786745828)	(2.0, 1.179723806161543)	(3.0, 0.642474178087743)	(4.0, 0.4154034454858531)	(5.0, 0.3077062559154467)	(6.0, 0.23984603697695087)	(7.0, 0.16058420230587375)	(8.0, 0.15934788252764204)	(9.0, 0.13723149538371932)	('>10', 1.95709420894079)	('>50', 1.3967666116733315)	('>100', 8.829658487266594)	('>500', 11.50258184780354)	('>1k', 52.80953669603156)	('>5k', 16.347719058693595)	('>10k+', 0.0)
16s-G07_S110_L001_R1_001	(1.0, 1.7309309631518406)	(2.0, 0.5238551319657349)	(3.0, 0.35312885100581765)	(4.0, 0.2783374857793844)	(5.0, 0.24299304314073242)	(6.0, 0.2149068342582322)	(7.0, 0.20985762816699616)	(8.0, 0.19313213298977694)	(9.0, 0.1789312408581757)	('>10', 3.723000553834793)	('>50', 1.5325918363804767)	('>100', 2.4540719480310464)	('>500', 1.2129139757290974)	('>1k', 6.833311506036169)	('>5k', 5.521938011527968)	('>10k+', 74.79609885714376)
16s-G07_S110_L001_R2_001	(1.0, 3.65246945624784)	(2.0, 0.8198648390644452)	(3.0, 0.5917038388167185)	(4.0, 0.5055517598850043)	(5.0, 0.401569671943613)	(6.0, 0.3843708136953404)	(7.0, 0.31036838692066276)	(8.0, 0.27139482740393495)	(9.0, 0.2840178426320249)	('>10', 3.3432055831596355)	('>50', 0.574662768258797)	('>100', 2.2341159076815784)	('>500', 1.22869274476421)	('>1k', 20.328261511006477)	('>5k', 23.89378994987085)	('>10k+', 41.175960098648865)
16s-G08_S118_L001_R1_001	(1.0, 3.9707837090599747)	(2.0, 1.3510208421948107)	(3.0, 0.8621331348362399)	(4.0, 0.728945129732029)	(5.0, 0.5596022968949383)	(6.0, 0.45618885580604)	(7.0, 0.44196618460229686)	(8.0, 0.36154827732879624)	(9.0, 0.34812313908974907)	('>10', 4.666232454274777)	('>50', 2.079567205444492)	('>100', 7.292242662696726)	('>500', 6.547612717992343)	('>1k', 29.461798170991067)	('>5k', 17.297426626967248)	('>10k+', 23.574808592088473)
16s-G08_S118_L001_R2_001	(1.0, 5.552956188855806)	(2.0, 1.085974053594215)	(3.0, 0.703025308379413)	(4.0, 0.5731603572947681)	(5.0, 0.4871597192683964)	(6.0, 0.4585814547001276)	(7.0, 0.4382443641003828)	(8.0, 0.3966397277754147)	(9.0, 0.3158230540195661)	('>10', 4.67088472990217)	('>50', 2.5050510421097405)	('>100', 11.7654721395151)	('>500', 2.4159931943853676)	('>1k', 12.978652700978307)	('>5k', 24.760075499787323)	('>10k+', 30.892306465333903)
16s-G09_S126_L001_R1_001	(1.0, 3.8912408433140304)	(2.0, 1.348725306864208)	(3.0, 0.8622772593553648)	(4.0, 0.7008149836991809)	(5.0, 0.5284740440803464)	(6.0, 0.4575909599447593)	(7.0, 0.3815548244584429)	(8.0, 0.3343757765362105)	(9.0, 0.26692805996777624)	('>10', 3.848527773229097)	('>50', 1.6839026691660874)	('>100', 8.996655097112116)	('>500', 6.9565048112322785)	('>1k', 28.251317749742633)	('>5k', 18.911125895915234)	('>10k+', 22.57998394538224)
16s-G09_S126_L001_R2_001	(1.0, 5.30981862404368)	(2.0, 1.302462356959883)	(3.0, 0.8399473701688711)	(4.0, 0.5885929765055211)	(5.0, 0.45003315129702304)	(6.0, 0.3153667426646314)	(7.0, 0.25971378807675527)	(8.0, 0.2125347401545228)	(9.0, 0.19787717186800402)	('>10', 3.699203796310186)	('>50', 3.0565610367481266)	('>100', 10.815911248424024)	('>500', 6.606898905148356)	('>1k', 47.01231808297329)	('>5k', 18.0495357100733)	('>10k+', 1.283224298583827)
16s-G10_S134_L001_R1_001	(1.0, 3.2517915473016252)	(2.0, 0.9528790296800995)	(3.0, 0.5952431984891111)	(4.0, 0.45659807489041276)	(5.0, 0.3913172878956193)	(6.0, 0.35788078723974953)	(7.0, 0.28635362100155176)	(8.0, 0.2792498955874842)	(9.0, 0.27116634597837286)	('>10', 4.964646718262576)	('>50', 2.139078695805005)	('>100', 5.085777484374867)	('>500', 2.9122824637189475)	('>1k', 15.128240615427577)	('>5k', 7.6429961554148145)	('>10k+', 55.28449807893219)
16s-G10_S134_L001_R2_001	(1.0, 3.0004666412728898)	(2.0, 0.7711216414994739)	(3.0, 0.5588672252481098)	(4.0, 0.3973187110902626)	(5.0, 0.3588606114347933)	(6.0, 0.2968867310982727)	(7.0, 0.24948773566302865)	(8.0, 0.19400519061867325)	(9.0, 0.20943742169061313)	('>10', 2.660345167568309)	('>50', 1.3291315205769205)	('>100', 5.108925830982776)	('>500', 3.709124490338321)	('>1k', 19.43273078227939)	('>5k', 25.357115299587374)	('>10k+', 36.36617499905079)
16s-G11_S142_L001_R1_001	(1.0, 2.5931770712462288)	(2.0, 0.6593950645934865)	(3.0, 0.4098398700394523)	(4.0, 0.3211882107217452)	(5.0, 0.2978262551249323)	(6.0, 0.2664191227663031)	(7.0, 0.21660091281813257)	(8.0, 0.2190763518217684)	(9.0, 0.21443490368995127)	('>10', 4.615920167092133)	('>50', 1.9624042701322812)	('>100', 3.3302390345787884)	('>500', 1.6356463216523554)	('>1k', 4.470952270441711)	('>5k', 5.216832985224724)	('>10k+', 73.57004718805601)
16s-G11_S142_L001_R2_001	(1.0, 2.6165390268430415)	(2.0, 0.6231917691653129)	(3.0, 0.5221629148294268)	(4.0, 0.4424847218998994)	(5.0, 0.38756091900673006)	(6.0, 0.3035507078208401)	(7.0, 0.29132822774038836)	(8.0, 0.21288775431267887)	(9.0, 0.211650034810861)	('>10', 2.6084938500812256)	('>50', 0.6463990098243986)	('>100', 3.1577318790129185)	('>500', 1.9251179701400172)	('>1k', 2.820143884892086)	('>5k', 33.31105438230061)	('>10k+', 49.919702947319564)
16s-G12_S150_L001_R1_001	(1.0, 1.6839832504579952)	(2.0, 0.4360115153101282)	(3.0, 0.2889295995812614)	(4.0, 0.22454854750065428)	(5.0, 0.21852918084271133)	(6.0, 0.1766553258309343)	(7.0, 0.19052604030358544)	(8.0, 0.18110442292593562)	(9.0, 0.17076681496990317)	('>10', 4.095263020151792)	('>50', 1.652970426589898)	('>100', 2.7289976445956556)	('>500', 1.1866003663962315)	('>1k', 2.4057838262235016)	('>5k', 0.0)	('>10k+', 84.35933001831981)
16s-G12_S150_L001_R2_001	(1.0, 3.0389950274797175)	(2.0, 0.5535200209369275)	(3.0, 0.43928291023292326)	(4.0, 0.4260664747448312)	(5.0, 0.36181627846113584)	(6.0, 0.34310389950274794)	(7.0, 0.3242606647474483)	(8.0, 0.3349908400942162)	(9.0, 0.2708714996074326)	('>10', 2.8026694582570006)	('>50', 0.8086888249149438)	('>100', 1.8296257524208321)	('>500', 1.3039780162261188)	('>1k', 0.0)	('>5k', 17.643941376602985)	('>10k+', 69.51818895577074)
16s-H01_S63_L001_R1_001	(1.0, 5.953873488905831)	(2.0, 1.7919948265778225)	(3.0, 1.2072903408847757)	(4.0, 0.9066168767048598)	(5.0, 0.702945078354205)	(6.0, 0.5896179687660976)	(7.0, 0.4959447914701934)	(8.0, 0.46915838374936797)	(9.0, 0.39513913874566703)	('>10', 5.366474512495305)	('>50', 2.241499278034987)	('>100', 9.622343351027157)	('>500', 8.473222309749143)	('>1k', 33.034614695752374)	('>5k', 17.415127504885746)	('>10k+', 11.33413745389647)
16s-H01_S63_L001_R2_001	(1.0, 4.237641401325373)	(2.0, 1.102205202903076)	(3.0, 0.6623692181380435)	(4.0, 0.5325581653371204)	(5.0, 0.38753116495513673)	(6.0, 0.33475084678333283)	(7.0, 0.2718265635574885)	(8.0, 0.24345516129696934)	(9.0, 0.25962210560184623)	('>10', 5.11667937303956)	('>50', 3.5088609119741583)	('>100', 9.709993549072223)	('>500', 15.394259466776136)	('>1k', 25.345806183697693)	('>5k', 21.21689540779532)	('>10k+', 11.675545277746519)
16s-H02_S71_L001_R1_001	(1.0, 3.4759117389815803)	(2.0, 1.0861444505586657)	(3.0, 0.6994238000917595)	(4.0, 0.5300429273782974)	(5.0, 0.4477088534079237)	(6.0, 0.39586888090805894)	(7.0, 0.3386231358747857)	(8.0, 0.2938522505339933)	(9.0, 0.27195194129608247)	('>10', 5.011705576678112)	('>50', 2.106726582955738)	('>100', 5.894232595145062)	('>500', 4.485127888103281)	('>1k', 16.32959133745743)	('>5k', 11.123832387785173)	('>10k+', 47.50925565284406)
16s-H02_S71_L001_R2_001	(1.0, 5.504601144083243)	(2.0, 1.32649341396713)	(3.0, 0.9310403617154872)	(4.0, 0.6969288281532634)	(5.0, 0.5696852592899587)	(6.0, 0.4698863817501119)	(7.0, 0.3240691329002247)	(8.0, 0.3315540487157132)	(9.0, 0.30563406246578073)	('>10', 3.8234058861932407)	('>50', 2.061124040302113)	('>100', 6.175194157330158)	('>500', 5.817165684155958)	('>1k', 41.27432077854213)	('>5k', 24.182376904321984)	('>10k+', 6.206519916113499)
16s-H03_S79_L001_R1_001	(1.0, 3.8055181364981663)	(2.0, 1.3067718114866127)	(3.0, 0.8510240803925232)	(4.0, 0.6071720042084149)	(5.0, 0.5125318335119615)	(6.0, 0.4056007315562286)	(7.0, 0.39834908211325354)	(8.0, 0.3205474872420133)	(9.0, 0.275439769520457)	('>10', 4.050599305808202)	('>50', 2.011656719206301)	('>100', 8.670883275484016)	('>500', 6.967606021573043)	('>1k', 28.55711841574812)	('>5k', 16.685062093784722)	('>10k+', 24.57411923186596)
16s-H03_S79_L001_R2_001	(1.0, 5.033013441362425)	(2.0, 1.1130667348403653)	(3.0, 0.7267627653612059)	(4.0, 0.5702992104305759)	(5.0, 0.4430880718970315)	(6.0, 0.3775774082850709)	(7.0, 0.36651557015171926)	(8.0, 0.28219978171306087)	(9.0, 0.26769648282711084)	('>10', 3.546671124177737)	('>50', 3.1694624438304437)	('>100', 9.525963363192103)	('>500', 9.16018524891594)	('>1k', 20.70210715725509)	('>5k', 30.77821260361255)	('>10k+', 13.93717859214757)
16s-H04_S87_L001_R1_001	(1.0, 2.9577928326506258)	(2.0, 1.0142110255875898)	(3.0, 0.6904515436938645)	(4.0, 0.52430132066082)	(5.0, 0.43957495607097424)	(6.0, 0.4017669546679785)	(7.0, 0.34596598874187046)	(8.0, 0.2897095047265696)	(9.0, 0.2962006374975658)	('>10', 4.087591573370868)	('>50', 1.5406760571720755)	('>100', 5.4333058883684595)	('>500', 4.851153770380164)	('>1k', 18.57226965304326)	('>5k', 20.340704754811696)	('>10k+', 38.214323538555625)
16s-H04_S87_L001_R2_001	(1.0, 4.6514090882691566)	(2.0, 1.1223965717708606)	(3.0, 0.7246154003833185)	(4.0, 0.5971842149316552)	(5.0, 0.5044862837809367)	(6.0, 0.40040040040040037)	(7.0, 0.3491546153662195)	(8.0, 0.27513292587240257)	(9.0, 0.2582787565722719)	('>10', 3.341452943273194)	('>50', 1.921489179737189)	('>100', 8.090798420718786)	('>500', 6.706820586229005)	('>1k', 29.903965398845944)	('>5k', 37.35715237421722)	('>10k+', 3.79526283963144)
16s-H05_S95_L001_R1_001	(1.0, 3.012757163410507)	(2.0, 0.8440956942109902)	(3.0, 0.5959067834548235)	(4.0, 0.44147499950728236)	(5.0, 0.37868869536817273)	(6.0, 0.32941693203030636)	(7.0, 0.31533928536234457)	(8.0, 0.26578596909111896)	(9.0, 0.27873740402564384)	('>10', 5.04641400106427)	('>50', 1.9168123703096802)	('>100', 3.366528424176387)	('>500', 2.3616660050172733)	('>1k', 12.887944748052357)	('>5k', 10.308356772615035)	('>10k+', 57.6500747523038)
16s-H05_S95_L001_R2_001	(1.0, 3.421431246181438)	(2.0, 0.8964645398158081)	(3.0, 0.6723484048618561)	(4.0, 0.5479020083170736)	(5.0, 0.4596351637089531)	(6.0, 0.36235862523333695)	(7.0, 0.31435385009558725)	(8.0, 0.2984461093607904)	(9.0, 0.25846559282377884)	('>10', 2.259321513741191)	('>50', 1.565152756543994)	('>100', 2.859592367663083)	('>500', 2.163030410532332)	('>1k', 21.889614356947177)	('>5k', 50.36461104870021)	('>10k+', 11.66727200547339)
16s-H06_S103_L001_R1_001	(1.0, 3.6006175799507836)	(2.0, 1.1932677462020413)	(3.0, 0.8394239433428359)	(4.0, 0.6333883112982353)	(5.0, 0.4828136773935175)	(6.0, 0.45923287295874543)	(7.0, 0.3771611346187287)	(8.0, 0.3562150569364451)	(9.0, 0.2916642515004769)	('>10', 4.1896107454695874)	('>50', 1.4016746323238818)	('>100', 3.874629162209587)	('>500', 4.987537742460729)	('>1k', 27.212380054064596)	('>5k', 17.822082171857957)	('>10k+', 32.278300917411855)
16s-H06_S103_L001_R2_001	(1.0, 4.260353158773904)	(2.0, 1.2230401585051616)	(3.0, 0.7256037476353328)	(4.0, 0.47952026895290684)	(5.0, 0.3425144778235049)	(6.0, 0.2474008420586701)	(7.0, 0.2047182686683564)	(8.0, 0.15176026094333755)	(9.0, 0.15057463390471773)	('>10', 2.018068956068566)	('>50', 1.278105947632171)	('>100', 7.9102401289962225)	('>500', 11.245540724971413)	('>1k', 52.91242695220079)	('>5k', 16.85013147286495)	('>10k+', 0.0)
16s-H07_S111_L001_R1_001	(1.0, 1.707428743042132)	(2.0, 0.5270387049569609)	(3.0, 0.3449306384676423)	(4.0, 0.2926684205179996)	(5.0, 0.251741951250392)	(6.0, 0.24997534106617872)	(7.0, 0.21022661192137995)	(8.0, 0.20139356100031358)	(9.0, 0.19741868808583368)	('>10', 3.7787791840321994)	('>50', 1.344537567701655)	('>100', 2.6740589488374966)	('>500', 1.0222784265980829)	('>1k', 6.9704549168441865)	('>5k', 7.2559096791099815)	('>10k+', 72.97115861656756)
16s-H07_S111_L001_R2_001	(1.0, 3.3670117935951547)	(2.0, 0.7840804867599928)	(3.0, 0.6315631408562465)	(4.0, 0.5011284222551662)	(5.0, 0.3915985908339431)	(6.0, 0.3436056808294824)	(7.0, 0.3174009630969854)	(8.0, 0.2567473467723296)	(9.0, 0.21066826446743328)	('>10', 2.9241815074190267)	('>50', 0.9093625923237844)	('>100', 2.020707615709287)	('>500', 1.6246924994148104)	('>1k', 22.64382047118438)	('>5k', 29.36915822496897)	('>10k+', 33.704272399513)
16s-H08_S119_L001_R1_001	(1.0, 4.17685448319751)	(2.0, 1.3910395308752033)	(3.0, 0.8784495796478987)	(4.0, 0.6616391026648494)	(5.0, 0.5346188232202346)	(6.0, 0.4506256972588869)	(7.0, 0.44276744467661355)	(8.0, 0.3885326194776452)	(9.0, 0.33623015147103913)	('>10', 4.901230782707722)	('>50', 2.2354796239375254)	('>100', 7.624566185810315)	('>500', 6.239581374137846)	('>1k', 27.163789172100884)	('>5k', 19.092075531977933)	('>10k+', 23.482519896837893)
16s-H08_S119_L001_R2_001	(1.0, 4.869024829501684)	(2.0, 1.013328111674787)	(3.0, 0.6921703463041736)	(4.0, 0.5714624336879424)	(5.0, 0.4811569408982111)	(6.0, 0.44135038273554794)	(7.0, 0.37423317625416425)	(8.0, 0.35864549490244174)	(9.0, 0.3315924942093696)	('>10', 4.507674034529935)	('>50', 2.4369600671945006)	('>100', 11.792660649735783)	('>500', 2.90317344580511)	('>1k', 12.078649514205402)	('>5k', 27.025818868566216)	('>10k+', 30.122099209794733)
16s-H09_S127_L001_R1_001	(1.0, 4.01009981609208)	(2.0, 1.414634012244034)	(3.0, 0.8634600529456881)	(4.0, 0.6812015317412974)	(5.0, 0.4886342706497805)	(6.0, 0.4090507987211664)	(7.0, 0.3848596224527104)	(8.0, 0.31778408825380944)	(9.0, 0.31049924540024026)	('>10', 3.6040729144044708)	('>50', 1.9967341912037584)	('>100', 10.773320431372657)	('>500', 7.454730886909)	('>1k', 32.19488191682084)	('>5k', 19.801302474922274)	('>10k+', 15.294733745866196)
16s-H09_S127_L001_R2_001	(1.0, 5.2470111526820595)	(2.0, 1.2975267271262807)	(3.0, 0.7908865241403199)	(4.0, 0.505265704334344)	(5.0, 0.37798712919462624)	(6.0, 0.27215073302013093)	(7.0, 0.20205130178767294)	(8.0, 0.20122660259670283)	(9.0, 0.17566092767662994)	('>10', 4.146862431927954)	('>50', 3.1625839475051474)	('>100', 13.2981370045276)	('>500', 5.813167147283028)	('>1k', 50.32012073596156)	('>5k', 12.804279639001672)	('>10k+', 1.3850822912342722)
16s-H10_S135_L001_R1_001	(1.0, 2.7617595997941145)	(2.0, 0.8554475583477797)	(3.0, 0.5742864727369711)	(4.0, 0.42722526661075017)	(5.0, 0.35581334194098363)	(6.0, 0.3267749851380942)	(7.0, 0.2721878594742936)	(8.0, 0.28714323636848554)	(9.0, 0.24003379915178086)	('>10', 4.214549836924078)	('>50', 1.7942713428806798)	('>100', 4.837939797130312)	('>500', 3.069217223110544)	('>1k', 15.956390120976534)	('>5k', 9.273579955806861)	('>10k+', 54.75337960360773)
16s-H10_S135_L001_R2_001	(1.0, 4.283219942496576)	(2.0, 0.9329662619160082)	(3.0, 0.639342362226706)	(4.0, 0.500008100829151)	(5.0, 0.3975637691039361)	(6.0, 0.3604245831500261)	(7.0, 0.2381643770400069)	(8.0, 0.2632146333377784)	(9.0, 0.22433065341287933)	('>10', 3.214159750843421)	('>50', 1.5412762170872658)	('>100', 5.467810420657364)	('>500', 3.585177725960166)	('>1k', 20.318624304730758)	('>5k', 30.850076085479948)	('>10k+', 27.183640811728004)
16s-H11_S143_L001_R1_001	(1.0, 1.6411949448176504)	(2.0, 0.5070278323821776)	(3.0, 0.3435975019444271)	(4.0, 0.2605696433083812)	(5.0, 0.26910215051999065)	(6.0, 0.2599132965997959)	(7.0, 0.2182352806046266)	(8.0, 0.2074055599129684)	(9.0, 0.20379565301574903)	('>10', 3.937916164834913)	('>50', 1.2930030159131258)	('>100', 2.9205787665276306)	('>500', 1.7800122736834505)	('>1k', 5.157080176032188)	('>5k', 5.533330926728735)	('>10k+', 75.46723681317418)
16s-H11_S143_L001_R2_001	(1.0, 3.665040020740556)	(2.0, 0.7013064581234392)	(3.0, 0.5119504326965676)	(4.0, 0.47913309726730047)	(5.0, 0.43565012782352147)	(6.0, 0.3751021439565236)	(7.0, 0.32620431416691553)	(8.0, 0.3032321793664285)	(9.0, 0.24809905584525968)	('>10', 3.1888604836618892)	('>50', 0.6732476363314157)	('>100', 3.06300600229065)	('>500', 2.480990558452597)	('>1k', 5.186123517887089)	('>5k', 34.56748392770997)	('>10k+', 43.794570043679876)
16s-H12_S151_L001_R1_001	(1.0, 1.7273593462530008)	(2.0, 0.4758321339769323)	(3.0, 0.3004352018495363)	(4.0, 0.25637137224493767)	(5.0, 0.24821670248045025)	(6.0, 0.23176429856964234)	(7.0, 0.1872712758195443)	(8.0, 0.16023210765308604)	(9.0, 0.15450953237976156)	('>10', 4.20523443960251)	('>50', 1.7322235352353266)	('>100', 3.0662988958291013)	('>500', 1.002738252268286)	('>1k', 2.1452504055875226)	('>5k', 1.2476644739665743)	('>10k+', 82.85859802628379)
16s-H12_S151_L001_R2_001	(1.0, 3.030675864752656)	(2.0, 0.573402042387115)	(3.0, 0.47812116408626215)	(4.0, 0.4646731121939495)	(5.0, 0.4306237893176687)	(6.0, 0.3442129026904688)	(7.0, 0.33748887674431244)	(8.0, 0.3193197002515072)	(9.0, 0.2716792611010807)	('>10', 2.9062098525578484)	('>50', 0.7409304335136898)	('>100', 2.0031874744272415)	('>500', 0.7343494719493667)	('>1k', 0.0)	('>5k', 24.30806911726415)	('>10k+', 63.05705693676268)
