Sample	0	1	2	3	4	5	6	7	8	9	10	11	12	13	14	15	16	17	18	19	20	21	22	23	24	25	26	27	28	29	30	31	32	33	34	35
16s-A01_S56_L001_R1_001	(2.0, 217.0)	(3.0, 0.0)	(4.0, 0.0)	(5.0, 0.0)	(6.0, 0.0)	(7.0, 0.0)	(8.0, 0.0)	(9.0, 0.0)	(10.0, 0.0)	(11.0, 0.0)	(12.0, 0.0)	(13.0, 0.0)	(14.0, 0.0)	(15.0, 1.0)	(16.0, 1.0)	(17.0, 1.0)	(18.0, 0.0)	(19.0, 2.0)	(20.0, 8.0)	(21.0, 19.0)	(22.0, 63.0)	(23.0, 237.0)	(24.0, 719.0)	(25.0, 1715.0)	(26.0, 3610.0)	(27.0, 6777.0)	(28.0, 10969.0)	(29.0, 16004.0)	(30.0, 22337.0)	(31.0, 30460.0)	(32.0, 43066.0)	(33.0, 64426.0)	(34.0, 96307.0)	(35.0, 183847.0)	(36.0, 250073.0)	(37.0, 199.0)
16s-A01_S56_L001_R2_001	(2.0, 208.0)	(3.0, 0.0)	(4.0, 0.0)	(5.0, 0.0)	(6.0, 0.0)	(7.0, 0.0)	(8.0, 0.0)	(9.0, 0.0)	(10.0, 0.0)	(11.0, 0.0)	(12.0, 74.0)	(13.0, 277.0)	(14.0, 227.0)	(15.0, 222.0)	(16.0, 210.0)	(17.0, 274.0)	(18.0, 402.0)	(19.0, 482.0)	(20.0, 701.0)	(21.0, 1051.0)	(22.0, 1343.0)	(23.0, 2044.0)	(24.0, 3181.0)	(25.0, 5168.0)	(26.0, 7562.0)	(27.0, 11215.0)	(28.0, 14944.0)	(29.0, 20744.0)	(30.0, 28925.0)	(31.0, 40188.0)	(32.0, 53985.0)	(33.0, 73064.0)	(34.0, 103880.0)	(35.0, 198783.0)	(36.0, 161819.0)	(37.0, 85.0)
16s-A02_S64_L001_R1_001	(2.0, 229.0)	(3.0, 0.0)	(4.0, 0.0)	(5.0, 0.0)	(6.0, 0.0)	(7.0, 0.0)	(8.0, 0.0)	(9.0, 0.0)	(10.0, 0.0)	(11.0, 0.0)	(12.0, 0.0)	(13.0, 0.0)	(14.0, 0.0)	(15.0, 1.0)	(16.0, 1.0)	(17.0, 0.0)	(18.0, 0.0)	(19.0, 2.0)	(20.0, 13.0)	(21.0, 26.0)	(22.0, 97.0)	(23.0, 296.0)	(24.0, 826.0)	(25.0, 1984.0)	(26.0, 4146.0)	(27.0, 7663.0)	(28.0, 12320.0)	(29.0, 17932.0)	(30.0, 24662.0)	(31.0, 33795.0)	(32.0, 47329.0)	(33.0, 69165.0)	(34.0, 101322.0)	(35.0, 193495.0)	(36.0, 241117.0)	(37.0, 160.0)
16s-A02_S64_L001_R2_001	(2.0, 228.0)	(3.0, 0.0)	(4.0, 0.0)	(5.0, 0.0)	(6.0, 0.0)	(7.0, 0.0)	(8.0, 0.0)	(9.0, 0.0)	(10.0, 0.0)	(11.0, 0.0)	(12.0, 81.0)	(13.0, 319.0)	(14.0, 314.0)	(15.0, 230.0)	(16.0, 239.0)	(17.0, 360.0)	(18.0, 454.0)	(19.0, 576.0)	(20.0, 820.0)	(21.0, 1191.0)	(22.0, 1588.0)	(23.0, 2298.0)	(24.0, 3762.0)	(25.0, 6058.0)	(26.0, 8751.0)	(27.0, 12414.0)	(28.0, 17062.0)	(29.0, 23203.0)	(30.0, 31565.0)	(31.0, 43292.0)	(32.0, 58497.0)	(33.0, 77599.0)	(34.0, 110107.0)	(35.0, 203524.0)	(36.0, 151992.0)	(37.0, 57.0)
16s-A03_S72_L001_R1_001	(2.0, 790.0)	(3.0, 0.0)	(4.0, 0.0)	(5.0, 0.0)	(6.0, 0.0)	(7.0, 0.0)	(8.0, 0.0)	(9.0, 0.0)	(10.0, 0.0)	(11.0, 0.0)	(12.0, 0.0)	(13.0, 0.0)	(14.0, 0.0)	(15.0, 0.0)	(16.0, 0.0)	(17.0, 0.0)	(18.0, 0.0)	(19.0, 2.0)	(20.0, 12.0)	(21.0, 23.0)	(22.0, 90.0)	(23.0, 202.0)	(24.0, 671.0)	(25.0, 1610.0)	(26.0, 3737.0)	(27.0, 6942.0)	(28.0, 11388.0)	(29.0, 17151.0)	(30.0, 24075.0)	(31.0, 33598.0)	(32.0, 47613.0)	(33.0, 72245.0)	(34.0, 110431.0)	(35.0, 216692.0)	(36.0, 348860.0)	(37.0, 391.0)
16s-A03_S72_L001_R2_001	(2.0, 781.0)	(3.0, 0.0)	(4.0, 0.0)	(5.0, 0.0)	(6.0, 0.0)	(7.0, 0.0)	(8.0, 0.0)	(9.0, 0.0)	(10.0, 0.0)	(11.0, 2.0)	(12.0, 101.0)	(13.0, 335.0)	(14.0, 300.0)	(15.0, 234.0)	(16.0, 260.0)	(17.0, 331.0)	(18.0, 438.0)	(19.0, 503.0)	(20.0, 743.0)	(21.0, 1176.0)	(22.0, 1578.0)	(23.0, 2428.0)	(24.0, 3995.0)	(25.0, 6409.0)	(26.0, 9836.0)	(27.0, 13557.0)	(28.0, 18091.0)	(29.0, 24234.0)	(30.0, 32860.0)	(31.0, 44359.0)	(32.0, 60836.0)	(33.0, 85191.0)	(34.0, 124532.0)	(35.0, 244547.0)	(36.0, 218713.0)	(37.0, 153.0)
16s-A04_S80_L001_R1_001	(2.0, 458.0)	(3.0, 0.0)	(4.0, 0.0)	(5.0, 0.0)	(6.0, 0.0)	(7.0, 0.0)	(8.0, 0.0)	(9.0, 0.0)	(10.0, 0.0)	(11.0, 0.0)	(12.0, 0.0)	(13.0, 0.0)	(14.0, 1.0)	(15.0, 0.0)	(16.0, 0.0)	(17.0, 1.0)	(18.0, 1.0)	(19.0, 7.0)	(20.0, 11.0)	(21.0, 49.0)	(22.0, 129.0)	(23.0, 401.0)	(24.0, 1071.0)	(25.0, 2532.0)	(26.0, 5097.0)	(27.0, 8319.0)	(28.0, 12965.0)	(29.0, 18042.0)	(30.0, 24464.0)	(31.0, 33151.0)	(32.0, 46342.0)	(33.0, 69294.0)	(34.0, 102793.0)	(35.0, 197266.0)	(36.0, 268538.0)	(37.0, 188.0)
16s-A04_S80_L001_R2_001	(2.0, 447.0)	(3.0, 0.0)	(4.0, 0.0)	(5.0, 0.0)	(6.0, 0.0)	(7.0, 0.0)	(8.0, 0.0)	(9.0, 0.0)	(10.0, 0.0)	(11.0, 1.0)	(12.0, 81.0)	(13.0, 329.0)	(14.0, 290.0)	(15.0, 220.0)	(16.0, 183.0)	(17.0, 339.0)	(18.0, 438.0)	(19.0, 554.0)	(20.0, 780.0)	(21.0, 1134.0)	(22.0, 1674.0)	(23.0, 2468.0)	(24.0, 3807.0)	(25.0, 5815.0)	(26.0, 8469.0)	(27.0, 12237.0)	(28.0, 16815.0)	(29.0, 23794.0)	(30.0, 32610.0)	(31.0, 46210.0)	(32.0, 63703.0)	(33.0, 85542.0)	(34.0, 114622.0)	(35.0, 194660.0)	(36.0, 173788.0)	(37.0, 110.0)
16s-A05_S88_L001_R1_001	(2.0, 194.0)	(3.0, 0.0)	(4.0, 0.0)	(5.0, 0.0)	(6.0, 0.0)	(7.0, 0.0)	(8.0, 0.0)	(9.0, 0.0)	(10.0, 0.0)	(11.0, 0.0)	(12.0, 0.0)	(13.0, 0.0)	(14.0, 0.0)	(15.0, 1.0)	(16.0, 0.0)	(17.0, 0.0)	(18.0, 0.0)	(19.0, 5.0)	(20.0, 6.0)	(21.0, 25.0)	(22.0, 83.0)	(23.0, 247.0)	(24.0, 766.0)	(25.0, 1895.0)	(26.0, 3916.0)	(27.0, 6963.0)	(28.0, 10998.0)	(29.0, 16408.0)	(30.0, 22974.0)	(31.0, 32230.0)	(32.0, 44606.0)	(33.0, 65813.0)	(34.0, 100228.0)	(35.0, 187177.0)	(36.0, 324045.0)	(37.0, 702.0)
16s-A05_S88_L001_R2_001	(2.0, 189.0)	(3.0, 0.0)	(4.0, 0.0)	(5.0, 0.0)	(6.0, 0.0)	(7.0, 0.0)	(8.0, 0.0)	(9.0, 0.0)	(10.0, 0.0)	(11.0, 0.0)	(12.0, 118.0)	(13.0, 366.0)	(14.0, 298.0)	(15.0, 223.0)	(16.0, 220.0)	(17.0, 316.0)	(18.0, 480.0)	(19.0, 541.0)	(20.0, 763.0)	(21.0, 1119.0)	(22.0, 1509.0)	(23.0, 2129.0)	(24.0, 3561.0)	(25.0, 5617.0)	(26.0, 8326.0)	(27.0, 11791.0)	(28.0, 16422.0)	(29.0, 21996.0)	(30.0, 29507.0)	(31.0, 40714.0)	(32.0, 56443.0)	(33.0, 76607.0)	(34.0, 110368.0)	(35.0, 218624.0)	(36.0, 210878.0)	(37.0, 157.0)
16s-A06_S96_L001_R1_001	(2.0, 277.0)	(3.0, 0.0)	(4.0, 0.0)	(5.0, 0.0)	(6.0, 0.0)	(7.0, 0.0)	(8.0, 0.0)	(9.0, 0.0)	(10.0, 0.0)	(11.0, 0.0)	(12.0, 0.0)	(13.0, 0.0)	(14.0, 0.0)	(15.0, 0.0)	(16.0, 0.0)	(17.0, 0.0)	(18.0, 1.0)	(19.0, 3.0)	(20.0, 17.0)	(21.0, 30.0)	(22.0, 111.0)	(23.0, 446.0)	(24.0, 1174.0)	(25.0, 2787.0)	(26.0, 5495.0)	(27.0, 9627.0)	(28.0, 14366.0)	(29.0, 19646.0)	(30.0, 26562.0)	(31.0, 35762.0)	(32.0, 49498.0)	(33.0, 72224.0)	(34.0, 108394.0)	(35.0, 205667.0)	(36.0, 312798.0)	(37.0, 331.0)
16s-A06_S96_L001_R2_001	(2.0, 269.0)	(3.0, 0.0)	(4.0, 0.0)	(5.0, 0.0)	(6.0, 0.0)	(7.0, 0.0)	(8.0, 0.0)	(9.0, 0.0)	(10.0, 0.0)	(11.0, 1.0)	(12.0, 106.0)	(13.0, 392.0)	(14.0, 338.0)	(15.0, 246.0)	(16.0, 284.0)	(17.0, 372.0)	(18.0, 480.0)	(19.0, 634.0)	(20.0, 882.0)	(21.0, 1232.0)	(22.0, 1718.0)	(23.0, 2434.0)	(24.0, 4028.0)	(25.0, 6376.0)	(26.0, 9611.0)	(27.0, 13623.0)	(28.0, 18888.0)	(29.0, 26073.0)	(30.0, 35115.0)	(31.0, 48018.0)	(32.0, 64624.0)	(33.0, 86702.0)	(34.0, 123006.0)	(35.0, 232174.0)	(36.0, 187511.0)	(37.0, 79.0)
16s-A07_S104_L001_R1_001	(2.0, 79.0)	(3.0, 0.0)	(4.0, 0.0)	(5.0, 0.0)	(6.0, 0.0)	(7.0, 0.0)	(8.0, 0.0)	(9.0, 0.0)	(10.0, 0.0)	(11.0, 0.0)	(12.0, 0.0)	(13.0, 0.0)	(14.0, 0.0)	(15.0, 0.0)	(16.0, 0.0)	(17.0, 0.0)	(18.0, 2.0)	(19.0, 3.0)	(20.0, 7.0)	(21.0, 33.0)	(22.0, 82.0)	(23.0, 168.0)	(24.0, 445.0)	(25.0, 1231.0)	(26.0, 2961.0)	(27.0, 5713.0)	(28.0, 9421.0)	(29.0, 14604.0)	(30.0, 20287.0)	(31.0, 28472.0)	(32.0, 40020.0)	(33.0, 59821.0)	(34.0, 90950.0)	(35.0, 177674.0)	(36.0, 248062.0)	(37.0, 306.0)
16s-A07_S104_L001_R2_001	(2.0, 78.0)	(3.0, 0.0)	(4.0, 0.0)	(5.0, 0.0)	(6.0, 0.0)	(7.0, 0.0)	(8.0, 0.0)	(9.0, 0.0)	(10.0, 0.0)	(11.0, 0.0)	(12.0, 95.0)	(13.0, 290.0)	(14.0, 245.0)	(15.0, 217.0)	(16.0, 253.0)	(17.0, 402.0)	(18.0, 487.0)	(19.0, 600.0)	(20.0, 772.0)	(21.0, 1155.0)	(22.0, 1739.0)	(23.0, 2914.0)	(24.0, 4967.0)	(25.0, 7892.0)	(26.0, 10980.0)	(27.0, 14761.0)	(28.0, 19053.0)	(29.0, 25597.0)	(30.0, 33529.0)	(31.0, 45056.0)	(32.0, 59234.0)	(33.0, 78707.0)	(34.0, 115426.0)	(35.0, 190922.0)	(36.0, 84898.0)	(37.0, 72.0)
16s-A08_S112_L001_R1_001	(2.0, 195.0)	(3.0, 0.0)	(4.0, 0.0)	(5.0, 0.0)	(6.0, 0.0)	(7.0, 0.0)	(8.0, 0.0)	(9.0, 0.0)	(10.0, 0.0)	(11.0, 0.0)	(12.0, 0.0)	(13.0, 0.0)	(14.0, 0.0)	(15.0, 1.0)	(16.0, 1.0)	(17.0, 0.0)	(18.0, 0.0)	(19.0, 1.0)	(20.0, 8.0)	(21.0, 22.0)	(22.0, 72.0)	(23.0, 351.0)	(24.0, 992.0)	(25.0, 2393.0)	(26.0, 4711.0)	(27.0, 8353.0)	(28.0, 12557.0)	(29.0, 17490.0)	(30.0, 23729.0)	(31.0, 33109.0)	(32.0, 44751.0)	(33.0, 62835.0)	(34.0, 89670.0)	(35.0, 172182.0)	(36.0, 160441.0)	(37.0, 114.0)
16s-A08_S112_L001_R2_001	(2.0, 197.0)	(3.0, 0.0)	(4.0, 0.0)	(5.0, 0.0)	(6.0, 0.0)	(7.0, 0.0)	(8.0, 0.0)	(9.0, 0.0)	(10.0, 0.0)	(11.0, 2.0)	(12.0, 75.0)	(13.0, 274.0)	(14.0, 217.0)	(15.0, 169.0)	(16.0, 200.0)	(17.0, 266.0)	(18.0, 310.0)	(19.0, 419.0)	(20.0, 559.0)	(21.0, 850.0)	(22.0, 1063.0)	(23.0, 1394.0)	(24.0, 2191.0)	(25.0, 3545.0)	(26.0, 5340.0)	(27.0, 7984.0)	(28.0, 11310.0)	(29.0, 16061.0)	(30.0, 23197.0)	(31.0, 32982.0)	(32.0, 46676.0)	(33.0, 65626.0)	(34.0, 98336.0)	(35.0, 186529.0)	(36.0, 128081.0)	(37.0, 125.0)
16s-A09_S120_L001_R1_001	(2.0, 82.0)	(3.0, 0.0)	(4.0, 0.0)	(5.0, 0.0)	(6.0, 0.0)	(7.0, 0.0)	(8.0, 0.0)	(9.0, 0.0)	(10.0, 0.0)	(11.0, 0.0)	(12.0, 0.0)	(13.0, 0.0)	(14.0, 0.0)	(15.0, 0.0)	(16.0, 0.0)	(17.0, 0.0)	(18.0, 2.0)	(19.0, 1.0)	(20.0, 12.0)	(21.0, 39.0)	(22.0, 174.0)	(23.0, 656.0)	(24.0, 1849.0)	(25.0, 4270.0)	(26.0, 7856.0)	(27.0, 12391.0)	(28.0, 17176.0)	(29.0, 22381.0)	(30.0, 29918.0)	(31.0, 40584.0)	(32.0, 54422.0)	(33.0, 72064.0)	(34.0, 107223.0)	(35.0, 177353.0)	(36.0, 68502.0)	(37.0, 10.0)
16s-A09_S120_L001_R2_001	(2.0, 82.0)	(3.0, 0.0)	(4.0, 0.0)	(5.0, 0.0)	(6.0, 0.0)	(7.0, 0.0)	(8.0, 0.0)	(9.0, 0.0)	(10.0, 0.0)	(11.0, 1.0)	(12.0, 86.0)	(13.0, 291.0)	(14.0, 258.0)	(15.0, 194.0)	(16.0, 183.0)	(17.0, 241.0)	(18.0, 274.0)	(19.0, 378.0)	(20.0, 559.0)	(21.0, 731.0)	(22.0, 904.0)	(23.0, 1042.0)	(24.0, 1420.0)	(25.0, 2184.0)	(26.0, 3266.0)	(27.0, 5019.0)	(28.0, 7887.0)	(29.0, 11884.0)	(30.0, 18156.0)	(31.0, 28539.0)	(32.0, 43219.0)	(33.0, 64142.0)	(34.0, 95824.0)	(35.0, 180800.0)	(36.0, 149340.0)	(37.0, 61.0)
16s-A10_S128_L001_R1_001	(2.0, 260.0)	(3.0, 0.0)	(4.0, 0.0)	(5.0, 0.0)	(6.0, 0.0)	(7.0, 0.0)	(8.0, 0.0)	(9.0, 0.0)	(10.0, 0.0)	(11.0, 0.0)	(12.0, 0.0)	(13.0, 0.0)	(14.0, 0.0)	(15.0, 1.0)	(16.0, 0.0)	(17.0, 0.0)	(18.0, 0.0)	(19.0, 1.0)	(20.0, 11.0)	(21.0, 34.0)	(22.0, 147.0)	(23.0, 558.0)	(24.0, 1601.0)	(25.0, 3710.0)	(26.0, 7292.0)	(27.0, 11845.0)	(28.0, 17002.0)	(29.0, 22972.0)	(30.0, 30399.0)	(31.0, 41594.0)	(32.0, 55446.0)	(33.0, 73708.0)	(34.0, 106962.0)	(35.0, 173563.0)	(36.0, 78001.0)	(37.0, 25.0)
16s-A10_S128_L001_R2_001	(2.0, 259.0)	(3.0, 0.0)	(4.0, 0.0)	(5.0, 0.0)	(6.0, 0.0)	(7.0, 0.0)	(8.0, 0.0)	(9.0, 0.0)	(10.0, 0.0)	(11.0, 0.0)	(12.0, 73.0)	(13.0, 267.0)	(14.0, 238.0)	(15.0, 169.0)	(16.0, 175.0)	(17.0, 251.0)	(18.0, 335.0)	(19.0, 401.0)	(20.0, 578.0)	(21.0, 819.0)	(22.0, 923.0)	(23.0, 1171.0)	(24.0, 1632.0)	(25.0, 2647.0)	(26.0, 4270.0)	(27.0, 6712.0)	(28.0, 10125.0)	(29.0, 15546.0)	(30.0, 22957.0)	(31.0, 33587.0)	(32.0, 48507.0)	(33.0, 68605.0)	(34.0, 98071.0)	(35.0, 171008.0)	(36.0, 135749.0)	(37.0, 57.0)
16s-A11_S136_L001_R1_001	(2.0, 262.0)	(3.0, 0.0)	(4.0, 0.0)	(5.0, 0.0)	(6.0, 0.0)	(7.0, 0.0)	(8.0, 0.0)	(9.0, 0.0)	(10.0, 0.0)	(11.0, 0.0)	(12.0, 0.0)	(13.0, 0.0)	(14.0, 0.0)	(15.0, 0.0)	(16.0, 1.0)	(17.0, 0.0)	(18.0, 3.0)	(19.0, 11.0)	(20.0, 14.0)	(21.0, 60.0)	(22.0, 224.0)	(23.0, 711.0)	(24.0, 1920.0)	(25.0, 4460.0)	(26.0, 8521.0)	(27.0, 13443.0)	(28.0, 18507.0)	(29.0, 23800.0)	(30.0, 31342.0)	(31.0, 42214.0)	(32.0, 58720.0)	(33.0, 82657.0)	(34.0, 122479.0)	(35.0, 234511.0)	(36.0, 148480.0)	(37.0, 47.0)
16s-A11_S136_L001_R2_001	(2.0, 259.0)	(3.0, 0.0)	(4.0, 0.0)	(5.0, 0.0)	(6.0, 0.0)	(7.0, 0.0)	(8.0, 0.0)	(9.0, 0.0)	(10.0, 0.0)	(11.0, 0.0)	(12.0, 63.0)	(13.0, 309.0)	(14.0, 348.0)	(15.0, 274.0)	(16.0, 250.0)	(17.0, 323.0)	(18.0, 441.0)	(19.0, 655.0)	(20.0, 811.0)	(21.0, 1117.0)	(22.0, 1462.0)	(23.0, 1992.0)	(24.0, 2895.0)	(25.0, 4149.0)	(26.0, 6440.0)	(27.0, 9585.0)	(28.0, 14201.0)	(29.0, 20936.0)	(30.0, 29570.0)	(31.0, 42526.0)	(32.0, 59655.0)	(33.0, 79600.0)	(34.0, 114450.0)	(35.0, 216745.0)	(36.0, 183231.0)	(37.0, 100.0)
16s-A12_S144_L001_R1_001	(2.0, 509.0)	(3.0, 0.0)	(4.0, 0.0)	(5.0, 0.0)	(6.0, 0.0)	(7.0, 0.0)	(8.0, 0.0)	(9.0, 0.0)	(10.0, 0.0)	(11.0, 0.0)	(12.0, 0.0)	(13.0, 0.0)	(14.0, 0.0)	(15.0, 0.0)	(16.0, 0.0)	(17.0, 0.0)	(18.0, 0.0)	(19.0, 3.0)	(20.0, 8.0)	(21.0, 26.0)	(22.0, 76.0)	(23.0, 274.0)	(24.0, 810.0)	(25.0, 2100.0)	(26.0, 4559.0)	(27.0, 7812.0)	(28.0, 11816.0)	(29.0, 16657.0)	(30.0, 22755.0)	(31.0, 30767.0)	(32.0, 42002.0)	(33.0, 61272.0)	(34.0, 90937.0)	(35.0, 168581.0)	(36.0, 289455.0)	(37.0, 575.0)
16s-A12_S144_L001_R2_001	(2.0, 512.0)	(3.0, 0.0)	(4.0, 0.0)	(5.0, 0.0)	(6.0, 0.0)	(7.0, 0.0)	(8.0, 0.0)	(9.0, 0.0)	(10.0, 0.0)	(11.0, 1.0)	(12.0, 105.0)	(13.0, 285.0)	(14.0, 208.0)	(15.0, 180.0)	(16.0, 178.0)	(17.0, 257.0)	(18.0, 274.0)	(19.0, 378.0)	(20.0, 591.0)	(21.0, 889.0)	(22.0, 1251.0)	(23.0, 1866.0)	(24.0, 2967.0)	(25.0, 4849.0)	(26.0, 7433.0)	(27.0, 10605.0)	(28.0, 14608.0)	(29.0, 19967.0)	(30.0, 26666.0)	(31.0, 36403.0)	(32.0, 51618.0)	(33.0, 71688.0)	(34.0, 103446.0)	(35.0, 201510.0)	(36.0, 192098.0)	(37.0, 161.0)
16s-B01_S57_L001_R1_001	(2.0, 80.0)	(3.0, 0.0)	(4.0, 0.0)	(5.0, 0.0)	(6.0, 0.0)	(7.0, 0.0)	(8.0, 0.0)	(9.0, 0.0)	(10.0, 0.0)	(11.0, 0.0)	(12.0, 0.0)	(13.0, 0.0)	(14.0, 0.0)	(15.0, 0.0)	(16.0, 0.0)	(17.0, 0.0)	(18.0, 0.0)	(19.0, 3.0)	(20.0, 5.0)	(21.0, 25.0)	(22.0, 69.0)	(23.0, 236.0)	(24.0, 717.0)	(25.0, 1853.0)	(26.0, 4022.0)	(27.0, 7309.0)	(28.0, 11993.0)	(29.0, 17475.0)	(30.0, 24969.0)	(31.0, 35592.0)	(32.0, 49989.0)	(33.0, 70067.0)	(34.0, 105573.0)	(35.0, 196519.0)	(36.0, 96215.0)	(37.0, 24.0)
16s-B01_S57_L001_R2_001	(2.0, 79.0)	(3.0, 0.0)	(4.0, 0.0)	(5.0, 0.0)	(6.0, 0.0)	(7.0, 0.0)	(8.0, 0.0)	(9.0, 0.0)	(10.0, 0.0)	(11.0, 1.0)	(12.0, 44.0)	(13.0, 218.0)	(14.0, 217.0)	(15.0, 174.0)	(16.0, 166.0)	(17.0, 285.0)	(18.0, 412.0)	(19.0, 522.0)	(20.0, 641.0)	(21.0, 828.0)	(22.0, 1030.0)	(23.0, 1298.0)	(24.0, 2099.0)	(25.0, 3288.0)	(26.0, 5340.0)	(27.0, 8110.0)	(28.0, 12099.0)	(29.0, 18124.0)	(30.0, 26192.0)	(31.0, 36967.0)	(32.0, 51533.0)	(33.0, 72125.0)	(34.0, 110888.0)	(35.0, 187111.0)	(36.0, 82911.0)	(37.0, 33.0)
16s-B02_S65_L001_R1_001	(33.0, 3.0)	(34.0, 0.0)	(35.0, 2.0)																																	
16s-B02_S65_L001_R2_001	(30.0, 1.0)	(31.0, 0.0)	(32.0, 1.0)	(33.0, 0.0)	(34.0, 3.0)																															
16s-B03_S73_L001_R1_001	(2.0, 243.0)	(3.0, 0.0)	(4.0, 0.0)	(5.0, 0.0)	(6.0, 0.0)	(7.0, 0.0)	(8.0, 0.0)	(9.0, 0.0)	(10.0, 0.0)	(11.0, 0.0)	(12.0, 0.0)	(13.0, 0.0)	(14.0, 0.0)	(15.0, 0.0)	(16.0, 0.0)	(17.0, 1.0)	(18.0, 1.0)	(19.0, 2.0)	(20.0, 8.0)	(21.0, 28.0)	(22.0, 137.0)	(23.0, 451.0)	(24.0, 1277.0)	(25.0, 3212.0)	(26.0, 6416.0)	(27.0, 10421.0)	(28.0, 15326.0)	(29.0, 20907.0)	(30.0, 28110.0)	(31.0, 38409.0)	(32.0, 53399.0)	(33.0, 73499.0)	(34.0, 107922.0)	(35.0, 199232.0)	(36.0, 108628.0)	(37.0, 21.0)
16s-B03_S73_L001_R2_001	(2.0, 238.0)	(3.0, 0.0)	(4.0, 0.0)	(5.0, 0.0)	(6.0, 0.0)	(7.0, 0.0)	(8.0, 0.0)	(9.0, 0.0)	(10.0, 0.0)	(11.0, 1.0)	(12.0, 74.0)	(13.0, 273.0)	(14.0, 317.0)	(15.0, 249.0)	(16.0, 307.0)	(17.0, 468.0)	(18.0, 584.0)	(19.0, 659.0)	(20.0, 912.0)	(21.0, 1229.0)	(22.0, 1442.0)	(23.0, 2128.0)	(24.0, 3329.0)	(25.0, 5326.0)	(26.0, 7723.0)	(27.0, 11794.0)	(28.0, 17024.0)	(29.0, 24953.0)	(30.0, 35510.0)	(31.0, 49692.0)	(32.0, 66717.0)	(33.0, 92439.0)	(34.0, 137250.0)	(35.0, 166067.0)	(36.0, 40908.0)	(37.0, 37.0)
16s-B04_S81_L001_R1_001	(2.0, 268.0)	(3.0, 0.0)	(4.0, 0.0)	(5.0, 0.0)	(6.0, 0.0)	(7.0, 0.0)	(8.0, 0.0)	(9.0, 0.0)	(10.0, 0.0)	(11.0, 0.0)	(12.0, 0.0)	(13.0, 0.0)	(14.0, 0.0)	(15.0, 0.0)	(16.0, 0.0)	(17.0, 0.0)	(18.0, 2.0)	(19.0, 4.0)	(20.0, 12.0)	(21.0, 30.0)	(22.0, 74.0)	(23.0, 227.0)	(24.0, 647.0)	(25.0, 1675.0)	(26.0, 3831.0)	(27.0, 7509.0)	(28.0, 12618.0)	(29.0, 18791.0)	(30.0, 27088.0)	(31.0, 37647.0)	(32.0, 52647.0)	(33.0, 78623.0)	(34.0, 118172.0)	(35.0, 225429.0)	(36.0, 320594.0)	(37.0, 270.0)
16s-B04_S81_L001_R2_001	(2.0, 265.0)	(3.0, 0.0)	(4.0, 0.0)	(5.0, 0.0)	(6.0, 0.0)	(7.0, 0.0)	(8.0, 0.0)	(9.0, 0.0)	(10.0, 0.0)	(11.0, 1.0)	(12.0, 91.0)	(13.0, 393.0)	(14.0, 307.0)	(15.0, 258.0)	(16.0, 249.0)	(17.0, 344.0)	(18.0, 466.0)	(19.0, 605.0)	(20.0, 798.0)	(21.0, 1223.0)	(22.0, 1714.0)	(23.0, 2348.0)	(24.0, 3822.0)	(25.0, 6452.0)	(26.0, 9541.0)	(27.0, 13908.0)	(28.0, 18862.0)	(29.0, 26032.0)	(30.0, 35604.0)	(31.0, 50296.0)	(32.0, 69457.0)	(33.0, 94935.0)	(34.0, 132135.0)	(35.0, 233147.0)	(36.0, 202820.0)	(37.0, 85.0)
16s-B05_S89_L001_R1_001	(2.0, 86.0)	(3.0, 0.0)	(4.0, 0.0)	(5.0, 0.0)	(6.0, 0.0)	(7.0, 0.0)	(8.0, 0.0)	(9.0, 0.0)	(10.0, 0.0)	(11.0, 0.0)	(12.0, 0.0)	(13.0, 0.0)	(14.0, 0.0)	(15.0, 1.0)	(16.0, 1.0)	(17.0, 0.0)	(18.0, 1.0)	(19.0, 3.0)	(20.0, 7.0)	(21.0, 25.0)	(22.0, 76.0)	(23.0, 251.0)	(24.0, 611.0)	(25.0, 1563.0)	(26.0, 3293.0)	(27.0, 6240.0)	(28.0, 9816.0)	(29.0, 14855.0)	(30.0, 20832.0)	(31.0, 28575.0)	(32.0, 39699.0)	(33.0, 59022.0)	(34.0, 91474.0)	(35.0, 164278.0)	(36.0, 313579.0)	(37.0, 992.0)
16s-B05_S89_L001_R2_001	(2.0, 84.0)	(3.0, 0.0)	(4.0, 0.0)	(5.0, 0.0)	(6.0, 0.0)	(7.0, 0.0)	(8.0, 0.0)	(9.0, 0.0)	(10.0, 0.0)	(11.0, 0.0)	(12.0, 94.0)	(13.0, 333.0)	(14.0, 301.0)	(15.0, 246.0)	(16.0, 250.0)	(17.0, 331.0)	(18.0, 494.0)	(19.0, 606.0)	(20.0, 822.0)	(21.0, 1125.0)	(22.0, 1519.0)	(23.0, 2270.0)	(24.0, 3856.0)	(25.0, 6130.0)	(26.0, 8833.0)	(27.0, 12074.0)	(28.0, 16370.0)	(29.0, 22085.0)	(30.0, 28666.0)	(31.0, 39206.0)	(32.0, 53730.0)	(33.0, 73382.0)	(34.0, 104471.0)	(35.0, 197199.0)	(36.0, 180701.0)	(37.0, 102.0)
16s-B06_S97_L001_R1_001	(2.0, 118.0)	(3.0, 0.0)	(4.0, 0.0)	(5.0, 0.0)	(6.0, 0.0)	(7.0, 0.0)	(8.0, 0.0)	(9.0, 0.0)	(10.0, 0.0)	(11.0, 0.0)	(12.0, 0.0)	(13.0, 0.0)	(14.0, 2.0)	(15.0, 0.0)	(16.0, 0.0)	(17.0, 1.0)	(18.0, 1.0)	(19.0, 1.0)	(20.0, 9.0)	(21.0, 26.0)	(22.0, 103.0)	(23.0, 373.0)	(24.0, 1164.0)	(25.0, 2667.0)	(26.0, 5133.0)	(27.0, 8953.0)	(28.0, 13635.0)	(29.0, 19966.0)	(30.0, 28415.0)	(31.0, 40073.0)	(32.0, 54764.0)	(33.0, 76340.0)	(34.0, 116238.0)	(35.0, 198415.0)	(36.0, 82327.0)	(37.0, 4.0)
16s-B06_S97_L001_R2_001	(2.0, 115.0)	(3.0, 0.0)	(4.0, 0.0)	(5.0, 0.0)	(6.0, 0.0)	(7.0, 0.0)	(8.0, 0.0)	(9.0, 0.0)	(10.0, 0.0)	(11.0, 0.0)	(12.0, 82.0)	(13.0, 253.0)	(14.0, 295.0)	(15.0, 204.0)	(16.0, 228.0)	(17.0, 422.0)	(18.0, 454.0)	(19.0, 578.0)	(20.0, 697.0)	(21.0, 984.0)	(22.0, 1213.0)	(23.0, 1668.0)	(24.0, 2544.0)	(25.0, 4166.0)	(26.0, 6329.0)	(27.0, 9572.0)	(28.0, 14079.0)	(29.0, 20787.0)	(30.0, 29760.0)	(31.0, 42715.0)	(32.0, 58071.0)	(33.0, 81907.0)	(34.0, 126588.0)	(35.0, 183779.0)	(36.0, 61200.0)	(37.0, 38.0)
16s-B07_S105_L001_R1_001	(2.0, 36.0)	(3.0, 0.0)	(4.0, 0.0)	(5.0, 0.0)	(6.0, 0.0)	(7.0, 0.0)	(8.0, 0.0)	(9.0, 0.0)	(10.0, 0.0)	(11.0, 0.0)	(12.0, 0.0)	(13.0, 0.0)	(14.0, 0.0)	(15.0, 0.0)	(16.0, 0.0)	(17.0, 0.0)	(18.0, 0.0)	(19.0, 3.0)	(20.0, 7.0)	(21.0, 37.0)	(22.0, 96.0)	(23.0, 393.0)	(24.0, 1121.0)	(25.0, 2655.0)	(26.0, 5826.0)	(27.0, 10002.0)	(28.0, 14704.0)	(29.0, 20334.0)	(30.0, 27377.0)	(31.0, 37183.0)	(32.0, 50536.0)	(33.0, 75342.0)	(34.0, 113235.0)	(35.0, 220003.0)	(36.0, 277444.0)	(37.0, 210.0)
16s-B07_S105_L001_R2_001	(2.0, 36.0)	(3.0, 0.0)	(4.0, 0.0)	(5.0, 0.0)	(6.0, 0.0)	(7.0, 0.0)	(8.0, 0.0)	(9.0, 0.0)	(10.0, 0.0)	(11.0, 2.0)	(12.0, 122.0)	(13.0, 399.0)	(14.0, 343.0)	(15.0, 264.0)	(16.0, 323.0)	(17.0, 390.0)	(18.0, 501.0)	(19.0, 644.0)	(20.0, 854.0)	(21.0, 1292.0)	(22.0, 1771.0)	(23.0, 2457.0)	(24.0, 3948.0)	(25.0, 6470.0)	(26.0, 9661.0)	(27.0, 13600.0)	(28.0, 18716.0)	(29.0, 26018.0)	(30.0, 35011.0)	(31.0, 47886.0)	(32.0, 65479.0)	(33.0, 87506.0)	(34.0, 126744.0)	(35.0, 240600.0)	(36.0, 165397.0)	(37.0, 110.0)
16s-B08_S113_L001_R1_001	(2.0, 111.0)	(3.0, 0.0)	(4.0, 0.0)	(5.0, 0.0)	(6.0, 0.0)	(7.0, 0.0)	(8.0, 0.0)	(9.0, 0.0)	(10.0, 0.0)	(11.0, 0.0)	(12.0, 0.0)	(13.0, 0.0)	(14.0, 0.0)	(15.0, 0.0)	(16.0, 0.0)	(17.0, 0.0)	(18.0, 2.0)	(19.0, 4.0)	(20.0, 5.0)	(21.0, 17.0)	(22.0, 74.0)	(23.0, 312.0)	(24.0, 830.0)	(25.0, 2061.0)	(26.0, 4531.0)	(27.0, 7988.0)	(28.0, 12440.0)	(29.0, 17906.0)	(30.0, 24399.0)	(31.0, 33391.0)	(32.0, 45181.0)	(33.0, 64090.0)	(34.0, 92357.0)	(35.0, 179191.0)	(36.0, 186704.0)	(37.0, 104.0)
16s-B08_S113_L001_R2_001	(2.0, 112.0)	(3.0, 0.0)	(4.0, 0.0)	(5.0, 0.0)	(6.0, 0.0)	(7.0, 0.0)	(8.0, 0.0)	(9.0, 0.0)	(10.0, 0.0)	(11.0, 1.0)	(12.0, 97.0)	(13.0, 310.0)	(14.0, 200.0)	(15.0, 170.0)	(16.0, 177.0)	(17.0, 302.0)	(18.0, 340.0)	(19.0, 387.0)	(20.0, 608.0)	(21.0, 808.0)	(22.0, 1092.0)	(23.0, 1241.0)	(24.0, 1935.0)	(25.0, 3231.0)	(26.0, 5255.0)	(27.0, 7600.0)	(28.0, 10982.0)	(29.0, 16030.0)	(30.0, 22650.0)	(31.0, 32026.0)	(32.0, 45588.0)	(33.0, 65040.0)	(34.0, 96772.0)	(35.0, 190955.0)	(36.0, 167659.0)	(37.0, 130.0)
16s-B09_S121_L001_R1_001	(2.0, 129.0)	(3.0, 0.0)	(4.0, 0.0)	(5.0, 0.0)	(6.0, 0.0)	(7.0, 0.0)	(8.0, 0.0)	(9.0, 0.0)	(10.0, 0.0)	(11.0, 0.0)	(12.0, 0.0)	(13.0, 0.0)	(14.0, 2.0)	(15.0, 0.0)	(16.0, 0.0)	(17.0, 1.0)	(18.0, 3.0)	(19.0, 2.0)	(20.0, 10.0)	(21.0, 25.0)	(22.0, 109.0)	(23.0, 306.0)	(24.0, 811.0)	(25.0, 1991.0)	(26.0, 4349.0)	(27.0, 8027.0)	(28.0, 12815.0)	(29.0, 18194.0)	(30.0, 25103.0)	(31.0, 35264.0)	(32.0, 48636.0)	(33.0, 72680.0)	(34.0, 109254.0)	(35.0, 210737.0)	(36.0, 286476.0)	(37.0, 210.0)
16s-B09_S121_L001_R2_001	(2.0, 129.0)	(3.0, 0.0)	(4.0, 0.0)	(5.0, 0.0)	(6.0, 0.0)	(7.0, 0.0)	(8.0, 0.0)	(9.0, 0.0)	(10.0, 0.0)	(11.0, 0.0)	(12.0, 99.0)	(13.0, 362.0)	(14.0, 338.0)	(15.0, 264.0)	(16.0, 265.0)	(17.0, 385.0)	(18.0, 510.0)	(19.0, 615.0)	(20.0, 880.0)	(21.0, 1251.0)	(22.0, 1760.0)	(23.0, 2733.0)	(24.0, 4580.0)	(25.0, 6880.0)	(26.0, 10045.0)	(27.0, 14273.0)	(28.0, 18923.0)	(29.0, 25550.0)	(30.0, 34967.0)	(31.0, 47359.0)	(32.0, 64943.0)	(33.0, 87321.0)	(34.0, 121565.0)	(35.0, 219611.0)	(36.0, 169425.0)	(37.0, 101.0)
16s-B10_S129_L001_R1_001	(2.0, 121.0)	(3.0, 0.0)	(4.0, 0.0)	(5.0, 0.0)	(6.0, 0.0)	(7.0, 0.0)	(8.0, 0.0)	(9.0, 0.0)	(10.0, 0.0)	(11.0, 0.0)	(12.0, 0.0)	(13.0, 0.0)	(14.0, 0.0)	(15.0, 0.0)	(16.0, 0.0)	(17.0, 1.0)	(18.0, 1.0)	(19.0, 4.0)	(20.0, 12.0)	(21.0, 37.0)	(22.0, 111.0)	(23.0, 366.0)	(24.0, 1031.0)	(25.0, 2470.0)	(26.0, 4934.0)	(27.0, 8825.0)	(28.0, 13088.0)	(29.0, 18986.0)	(30.0, 25284.0)	(31.0, 35291.0)	(32.0, 48166.0)	(33.0, 70579.0)	(34.0, 103688.0)	(35.0, 196268.0)	(36.0, 253706.0)	(37.0, 138.0)
16s-B10_S129_L001_R2_001	(2.0, 114.0)	(3.0, 0.0)	(4.0, 0.0)	(5.0, 0.0)	(6.0, 0.0)	(7.0, 0.0)	(8.0, 0.0)	(9.0, 0.0)	(10.0, 0.0)	(11.0, 0.0)	(12.0, 131.0)	(13.0, 368.0)	(14.0, 308.0)	(15.0, 207.0)	(16.0, 173.0)	(17.0, 313.0)	(18.0, 423.0)	(19.0, 514.0)	(20.0, 769.0)	(21.0, 1084.0)	(22.0, 1308.0)	(23.0, 1917.0)	(24.0, 2885.0)	(25.0, 4796.0)	(26.0, 7183.0)	(27.0, 10765.0)	(28.0, 14941.0)	(29.0, 21046.0)	(30.0, 29200.0)	(31.0, 41350.0)	(32.0, 57768.0)	(33.0, 79791.0)	(34.0, 111021.0)	(35.0, 203203.0)	(36.0, 191457.0)	(37.0, 72.0)
16s-B11_S137_L001_R1_001	(2.0, 213.0)	(3.0, 0.0)	(4.0, 0.0)	(5.0, 0.0)	(6.0, 0.0)	(7.0, 0.0)	(8.0, 0.0)	(9.0, 0.0)	(10.0, 0.0)	(11.0, 0.0)	(12.0, 0.0)	(13.0, 0.0)	(14.0, 0.0)	(15.0, 0.0)	(16.0, 1.0)	(17.0, 2.0)	(18.0, 3.0)	(19.0, 1.0)	(20.0, 5.0)	(21.0, 31.0)	(22.0, 84.0)	(23.0, 261.0)	(24.0, 755.0)	(25.0, 1939.0)	(26.0, 4448.0)	(27.0, 8530.0)	(28.0, 13922.0)	(29.0, 20695.0)	(30.0, 28973.0)	(31.0, 40441.0)	(32.0, 56502.0)	(33.0, 84290.0)	(34.0, 127770.0)	(35.0, 249438.0)	(36.0, 303535.0)	(37.0, 235.0)
16s-B11_S137_L001_R2_001	(2.0, 209.0)	(3.0, 0.0)	(4.0, 0.0)	(5.0, 0.0)	(6.0, 0.0)	(7.0, 0.0)	(8.0, 0.0)	(9.0, 0.0)	(10.0, 0.0)	(11.0, 0.0)	(12.0, 76.0)	(13.0, 323.0)	(14.0, 346.0)	(15.0, 334.0)	(16.0, 331.0)	(17.0, 474.0)	(18.0, 778.0)	(19.0, 900.0)	(20.0, 1205.0)	(21.0, 1696.0)	(22.0, 2572.0)	(23.0, 4220.0)	(24.0, 6650.0)	(25.0, 10324.0)	(26.0, 14818.0)	(27.0, 20200.0)	(28.0, 27148.0)	(29.0, 36205.0)	(30.0, 47807.0)	(31.0, 63315.0)	(32.0, 80956.0)	(33.0, 104458.0)	(34.0, 152688.0)	(35.0, 248311.0)	(36.0, 115616.0)	(37.0, 114.0)
16s-B12_S145_L001_R1_001	(2.0, 109.0)	(3.0, 0.0)	(4.0, 0.0)	(5.0, 0.0)	(6.0, 0.0)	(7.0, 0.0)	(8.0, 0.0)	(9.0, 0.0)	(10.0, 0.0)	(11.0, 0.0)	(12.0, 0.0)	(13.0, 0.0)	(14.0, 1.0)	(15.0, 1.0)	(16.0, 0.0)	(17.0, 0.0)	(18.0, 2.0)	(19.0, 2.0)	(20.0, 3.0)	(21.0, 28.0)	(22.0, 129.0)	(23.0, 387.0)	(24.0, 1154.0)	(25.0, 2946.0)	(26.0, 5854.0)	(27.0, 9717.0)	(28.0, 14523.0)	(29.0, 20129.0)	(30.0, 26541.0)	(31.0, 35120.0)	(32.0, 46821.0)	(33.0, 62882.0)	(34.0, 90033.0)	(35.0, 161920.0)	(36.0, 103957.0)	(37.0, 45.0)
16s-B12_S145_L001_R2_001	(2.0, 110.0)	(3.0, 0.0)	(4.0, 0.0)	(5.0, 0.0)	(6.0, 0.0)	(7.0, 0.0)	(8.0, 0.0)	(9.0, 0.0)	(10.0, 0.0)	(11.0, 0.0)	(12.0, 99.0)	(13.0, 264.0)	(14.0, 212.0)	(15.0, 169.0)	(16.0, 191.0)	(17.0, 286.0)	(18.0, 305.0)	(19.0, 342.0)	(20.0, 503.0)	(21.0, 739.0)	(22.0, 872.0)	(23.0, 1017.0)	(24.0, 1556.0)	(25.0, 2590.0)	(26.0, 3968.0)	(27.0, 6024.0)	(28.0, 8834.0)	(29.0, 13395.0)	(30.0, 19673.0)	(31.0, 29224.0)	(32.0, 42256.0)	(33.0, 61497.0)	(34.0, 95327.0)	(35.0, 178624.0)	(36.0, 114140.0)	(37.0, 87.0)
16s-C01_S58_L001_R1_001	(2.0, 51.0)	(3.0, 0.0)	(4.0, 0.0)	(5.0, 0.0)	(6.0, 0.0)	(7.0, 0.0)	(8.0, 0.0)	(9.0, 0.0)	(10.0, 0.0)	(11.0, 0.0)	(12.0, 0.0)	(13.0, 0.0)	(14.0, 0.0)	(15.0, 0.0)	(16.0, 0.0)	(17.0, 0.0)	(18.0, 2.0)	(19.0, 4.0)	(20.0, 11.0)	(21.0, 31.0)	(22.0, 189.0)	(23.0, 721.0)	(24.0, 2080.0)	(25.0, 4549.0)	(26.0, 8225.0)	(27.0, 12762.0)	(28.0, 17083.0)	(29.0, 22453.0)	(30.0, 29667.0)	(31.0, 40267.0)	(32.0, 54779.0)	(33.0, 74358.0)	(34.0, 112011.0)	(35.0, 189381.0)	(36.0, 75785.0)	(37.0, 12.0)
16s-C01_S58_L001_R2_001	(2.0, 51.0)	(3.0, 0.0)	(4.0, 0.0)	(5.0, 0.0)	(6.0, 0.0)	(7.0, 0.0)	(8.0, 0.0)	(9.0, 0.0)	(10.0, 0.0)	(11.0, 0.0)	(12.0, 70.0)	(13.0, 291.0)	(14.0, 256.0)	(15.0, 197.0)	(16.0, 183.0)	(17.0, 236.0)	(18.0, 301.0)	(19.0, 366.0)	(20.0, 609.0)	(21.0, 864.0)	(22.0, 1015.0)	(23.0, 1196.0)	(24.0, 1580.0)	(25.0, 2228.0)	(26.0, 3389.0)	(27.0, 5390.0)	(28.0, 8399.0)	(29.0, 12987.0)	(30.0, 19665.0)	(31.0, 30023.0)	(32.0, 44407.0)	(33.0, 64339.0)	(34.0, 96117.0)	(35.0, 189592.0)	(36.0, 160608.0)	(37.0, 62.0)
16s-C02_S66_L001_R1_001	(2.0, 81.0)	(3.0, 0.0)	(4.0, 0.0)	(5.0, 0.0)	(6.0, 0.0)	(7.0, 0.0)	(8.0, 0.0)	(9.0, 0.0)	(10.0, 0.0)	(11.0, 0.0)	(12.0, 0.0)	(13.0, 0.0)	(14.0, 0.0)	(15.0, 1.0)	(16.0, 0.0)	(17.0, 0.0)	(18.0, 2.0)	(19.0, 4.0)	(20.0, 9.0)	(21.0, 38.0)	(22.0, 139.0)	(23.0, 525.0)	(24.0, 1402.0)	(25.0, 3495.0)	(26.0, 6618.0)	(27.0, 11150.0)	(28.0, 15649.0)	(29.0, 21889.0)	(30.0, 29192.0)	(31.0, 40187.0)	(32.0, 55308.0)	(33.0, 77279.0)	(34.0, 111731.0)	(35.0, 208404.0)	(36.0, 147010.0)	(37.0, 39.0)
16s-C02_S66_L001_R2_001	(2.0, 79.0)	(3.0, 0.0)	(4.0, 0.0)	(5.0, 0.0)	(6.0, 0.0)	(7.0, 0.0)	(8.0, 0.0)	(9.0, 0.0)	(10.0, 0.0)	(11.0, 0.0)	(12.0, 79.0)	(13.0, 315.0)	(14.0, 259.0)	(15.0, 218.0)	(16.0, 217.0)	(17.0, 309.0)	(18.0, 374.0)	(19.0, 488.0)	(20.0, 661.0)	(21.0, 1005.0)	(22.0, 1199.0)	(23.0, 1349.0)	(24.0, 1957.0)	(25.0, 3015.0)	(26.0, 4481.0)	(27.0, 7098.0)	(28.0, 10668.0)	(29.0, 16296.0)	(30.0, 24243.0)	(31.0, 36362.0)	(32.0, 52949.0)	(33.0, 73812.0)	(34.0, 108999.0)	(35.0, 207190.0)	(36.0, 176448.0)	(37.0, 82.0)
16s-C03_S74_L001_R1_001	(2.0, 212.0)	(3.0, 0.0)	(4.0, 0.0)	(5.0, 0.0)	(6.0, 0.0)	(7.0, 0.0)	(8.0, 0.0)	(9.0, 0.0)	(10.0, 0.0)	(11.0, 0.0)	(12.0, 0.0)	(13.0, 0.0)	(14.0, 1.0)	(15.0, 0.0)	(16.0, 0.0)	(17.0, 0.0)	(18.0, 1.0)	(19.0, 3.0)	(20.0, 9.0)	(21.0, 45.0)	(22.0, 112.0)	(23.0, 285.0)	(24.0, 829.0)	(25.0, 2028.0)	(26.0, 4692.0)	(27.0, 8642.0)	(28.0, 13783.0)	(29.0, 19886.0)	(30.0, 27125.0)	(31.0, 37219.0)	(32.0, 50936.0)	(33.0, 75462.0)	(34.0, 112049.0)	(35.0, 210123.0)	(36.0, 306803.0)	(37.0, 271.0)
16s-C03_S74_L001_R2_001	(2.0, 211.0)	(3.0, 0.0)	(4.0, 0.0)	(5.0, 0.0)	(6.0, 0.0)	(7.0, 0.0)	(8.0, 0.0)	(9.0, 0.0)	(10.0, 0.0)	(11.0, 0.0)	(12.0, 129.0)	(13.0, 478.0)	(14.0, 384.0)	(15.0, 247.0)	(16.0, 297.0)	(17.0, 432.0)	(18.0, 550.0)	(19.0, 644.0)	(20.0, 950.0)	(21.0, 1444.0)	(22.0, 1975.0)	(23.0, 2967.0)	(24.0, 4694.0)	(25.0, 7378.0)	(26.0, 10469.0)	(27.0, 14700.0)	(28.0, 20069.0)	(29.0, 26498.0)	(30.0, 36259.0)	(31.0, 49531.0)	(32.0, 67818.0)	(33.0, 91088.0)	(34.0, 130324.0)	(35.0, 239554.0)	(36.0, 161203.0)	(37.0, 223.0)
16s-C04_S82_L001_R1_001	(2.0, 229.0)	(3.0, 0.0)	(4.0, 0.0)	(5.0, 0.0)	(6.0, 0.0)	(7.0, 0.0)	(8.0, 0.0)	(9.0, 0.0)	(10.0, 0.0)	(11.0, 0.0)	(12.0, 0.0)	(13.0, 0.0)	(14.0, 0.0)	(15.0, 0.0)	(16.0, 0.0)	(17.0, 0.0)	(18.0, 0.0)	(19.0, 3.0)	(20.0, 12.0)	(21.0, 21.0)	(22.0, 84.0)	(23.0, 293.0)	(24.0, 768.0)	(25.0, 2090.0)	(26.0, 4254.0)	(27.0, 7917.0)	(28.0, 12648.0)	(29.0, 19116.0)	(30.0, 26888.0)	(31.0, 37181.0)	(32.0, 52400.0)	(33.0, 77279.0)	(34.0, 112363.0)	(35.0, 225325.0)	(36.0, 230851.0)	(37.0, 78.0)
16s-C04_S82_L001_R2_001	(2.0, 226.0)	(3.0, 0.0)	(4.0, 0.0)	(5.0, 0.0)	(6.0, 0.0)	(7.0, 0.0)	(8.0, 0.0)	(9.0, 0.0)	(10.0, 0.0)	(11.0, 0.0)	(12.0, 79.0)	(13.0, 326.0)	(14.0, 279.0)	(15.0, 245.0)	(16.0, 218.0)	(17.0, 272.0)	(18.0, 358.0)	(19.0, 463.0)	(20.0, 673.0)	(21.0, 1018.0)	(22.0, 1411.0)	(23.0, 1821.0)	(24.0, 2783.0)	(25.0, 4530.0)	(26.0, 6984.0)	(27.0, 10184.0)	(28.0, 14343.0)	(29.0, 20422.0)	(30.0, 29316.0)	(31.0, 43300.0)	(32.0, 62144.0)	(33.0, 87136.0)	(34.0, 118829.0)	(35.0, 204873.0)	(36.0, 197464.0)	(37.0, 103.0)
16s-C05_S90_L001_R1_001	(2.0, 184.0)	(3.0, 0.0)	(4.0, 0.0)	(5.0, 0.0)	(6.0, 0.0)	(7.0, 0.0)	(8.0, 0.0)	(9.0, 0.0)	(10.0, 0.0)	(11.0, 0.0)	(12.0, 0.0)	(13.0, 0.0)	(14.0, 0.0)	(15.0, 0.0)	(16.0, 1.0)	(17.0, 2.0)	(18.0, 2.0)	(19.0, 2.0)	(20.0, 10.0)	(21.0, 28.0)	(22.0, 125.0)	(23.0, 535.0)	(24.0, 1488.0)	(25.0, 3477.0)	(26.0, 7113.0)	(27.0, 11630.0)	(28.0, 17112.0)	(29.0, 23618.0)	(30.0, 31280.0)	(31.0, 43105.0)	(32.0, 58360.0)	(33.0, 79759.0)	(34.0, 114562.0)	(35.0, 214240.0)	(36.0, 156707.0)	(37.0, 50.0)
16s-C05_S90_L001_R2_001	(2.0, 188.0)	(3.0, 0.0)	(4.0, 0.0)	(5.0, 0.0)	(6.0, 0.0)	(7.0, 0.0)	(8.0, 0.0)	(9.0, 0.0)	(10.0, 0.0)	(11.0, 3.0)	(12.0, 124.0)	(13.0, 414.0)	(14.0, 266.0)	(15.0, 215.0)	(16.0, 209.0)	(17.0, 300.0)	(18.0, 349.0)	(19.0, 459.0)	(20.0, 699.0)	(21.0, 960.0)	(22.0, 1056.0)	(23.0, 1197.0)	(24.0, 1605.0)	(25.0, 2510.0)	(26.0, 4125.0)	(27.0, 6279.0)	(28.0, 9769.0)	(29.0, 14618.0)	(30.0, 21931.0)	(31.0, 32734.0)	(32.0, 48908.0)	(33.0, 70670.0)	(34.0, 105110.0)	(35.0, 211673.0)	(36.0, 226863.0)	(37.0, 156.0)
16s-C06_S98_L001_R1_001	(2.0, 233.0)	(3.0, 0.0)	(4.0, 0.0)	(5.0, 0.0)	(6.0, 0.0)	(7.0, 0.0)	(8.0, 0.0)	(9.0, 0.0)	(10.0, 0.0)	(11.0, 0.0)	(12.0, 0.0)	(13.0, 0.0)	(14.0, 0.0)	(15.0, 0.0)	(16.0, 0.0)	(17.0, 0.0)	(18.0, 1.0)	(19.0, 2.0)	(20.0, 15.0)	(21.0, 34.0)	(22.0, 160.0)	(23.0, 507.0)	(24.0, 1391.0)	(25.0, 3165.0)	(26.0, 5847.0)	(27.0, 8745.0)	(28.0, 12727.0)	(29.0, 17722.0)	(30.0, 24699.0)	(31.0, 34184.0)	(32.0, 48936.0)	(33.0, 73384.0)	(34.0, 109934.0)	(35.0, 210470.0)	(36.0, 253560.0)	(37.0, 148.0)
16s-C06_S98_L001_R2_001	(2.0, 232.0)	(3.0, 0.0)	(4.0, 0.0)	(5.0, 0.0)	(6.0, 0.0)	(7.0, 0.0)	(8.0, 0.0)	(9.0, 0.0)	(10.0, 0.0)	(11.0, 3.0)	(12.0, 101.0)	(13.0, 344.0)	(14.0, 299.0)	(15.0, 257.0)	(16.0, 306.0)	(17.0, 515.0)	(18.0, 650.0)	(19.0, 821.0)	(20.0, 1095.0)	(21.0, 1553.0)	(22.0, 2170.0)	(23.0, 3286.0)	(24.0, 5082.0)	(25.0, 7878.0)	(26.0, 11283.0)	(27.0, 15799.0)	(28.0, 21820.0)	(29.0, 29924.0)	(30.0, 39930.0)	(31.0, 54103.0)	(32.0, 69976.0)	(33.0, 91973.0)	(34.0, 133965.0)	(35.0, 215059.0)	(36.0, 97351.0)	(37.0, 89.0)
16s-C07_S106_L001_R1_001	(2.0, 69.0)	(3.0, 0.0)	(4.0, 0.0)	(5.0, 0.0)	(6.0, 0.0)	(7.0, 0.0)	(8.0, 0.0)	(9.0, 0.0)	(10.0, 0.0)	(11.0, 0.0)	(12.0, 0.0)	(13.0, 0.0)	(14.0, 0.0)	(15.0, 0.0)	(16.0, 0.0)	(17.0, 0.0)	(18.0, 1.0)	(19.0, 6.0)	(20.0, 11.0)	(21.0, 26.0)	(22.0, 111.0)	(23.0, 400.0)	(24.0, 1221.0)	(25.0, 3040.0)	(26.0, 6304.0)	(27.0, 10600.0)	(28.0, 15701.0)	(29.0, 21361.0)	(30.0, 29083.0)	(31.0, 39938.0)	(32.0, 54694.0)	(33.0, 77091.0)	(34.0, 112578.0)	(35.0, 215270.0)	(36.0, 129382.0)	(37.0, 29.0)
16s-C07_S106_L001_R2_001	(2.0, 70.0)	(3.0, 0.0)	(4.0, 0.0)	(5.0, 0.0)	(6.0, 0.0)	(7.0, 0.0)	(8.0, 0.0)	(9.0, 0.0)	(10.0, 0.0)	(11.0, 0.0)	(12.0, 128.0)	(13.0, 345.0)	(14.0, 255.0)	(15.0, 188.0)	(16.0, 217.0)	(17.0, 288.0)	(18.0, 315.0)	(19.0, 382.0)	(20.0, 598.0)	(21.0, 866.0)	(22.0, 1122.0)	(23.0, 1243.0)	(24.0, 1729.0)	(25.0, 2749.0)	(26.0, 4254.0)	(27.0, 6489.0)	(28.0, 9857.0)	(29.0, 14985.0)	(30.0, 22049.0)	(31.0, 33476.0)	(32.0, 49312.0)	(33.0, 72373.0)	(34.0, 108279.0)	(35.0, 211490.0)	(36.0, 173758.0)	(37.0, 99.0)
16s-C08_S114_L001_R1_001	(2.0, 226.0)	(3.0, 0.0)	(4.0, 0.0)	(5.0, 0.0)	(6.0, 0.0)	(7.0, 0.0)	(8.0, 0.0)	(9.0, 0.0)	(10.0, 0.0)	(11.0, 0.0)	(12.0, 0.0)	(13.0, 0.0)	(14.0, 0.0)	(15.0, 0.0)	(16.0, 1.0)	(17.0, 1.0)	(18.0, 3.0)	(19.0, 2.0)	(20.0, 11.0)	(21.0, 28.0)	(22.0, 88.0)	(23.0, 281.0)	(24.0, 811.0)	(25.0, 2187.0)	(26.0, 4530.0)	(27.0, 8084.0)	(28.0, 12117.0)	(29.0, 17062.0)	(30.0, 22905.0)	(31.0, 30944.0)	(32.0, 41641.0)	(33.0, 59835.0)	(34.0, 90757.0)	(35.0, 164510.0)	(36.0, 305668.0)	(37.0, 856.0)
16s-C08_S114_L001_R2_001	(2.0, 219.0)	(3.0, 0.0)	(4.0, 0.0)	(5.0, 0.0)	(6.0, 0.0)	(7.0, 0.0)	(8.0, 0.0)	(9.0, 0.0)	(10.0, 0.0)	(11.0, 2.0)	(12.0, 124.0)	(13.0, 419.0)	(14.0, 308.0)	(15.0, 237.0)	(16.0, 254.0)	(17.0, 380.0)	(18.0, 473.0)	(19.0, 633.0)	(20.0, 799.0)	(21.0, 1203.0)	(22.0, 1673.0)	(23.0, 2652.0)	(24.0, 4286.0)	(25.0, 6726.0)	(26.0, 9602.0)	(27.0, 13106.0)	(28.0, 17442.0)	(29.0, 23188.0)	(30.0, 30588.0)	(31.0, 41260.0)	(32.0, 55401.0)	(33.0, 74331.0)	(34.0, 106284.0)	(35.0, 201660.0)	(36.0, 169171.0)	(37.0, 127.0)
16s-C09_S122_L001_R1_001	(2.0, 192.0)	(3.0, 0.0)	(4.0, 0.0)	(5.0, 0.0)	(6.0, 0.0)	(7.0, 0.0)	(8.0, 0.0)	(9.0, 0.0)	(10.0, 0.0)	(11.0, 0.0)	(12.0, 0.0)	(13.0, 0.0)	(14.0, 1.0)	(15.0, 0.0)	(16.0, 1.0)	(17.0, 0.0)	(18.0, 2.0)	(19.0, 5.0)	(20.0, 22.0)	(21.0, 48.0)	(22.0, 203.0)	(23.0, 673.0)	(24.0, 2162.0)	(25.0, 5016.0)	(26.0, 9325.0)	(27.0, 14550.0)	(28.0, 19689.0)	(29.0, 26190.0)	(30.0, 34323.0)	(31.0, 47524.0)	(32.0, 65106.0)	(33.0, 87393.0)	(34.0, 131095.0)	(35.0, 236097.0)	(36.0, 106292.0)	(37.0, 22.0)
16s-C09_S122_L001_R2_001	(2.0, 194.0)	(3.0, 0.0)	(4.0, 0.0)	(5.0, 0.0)	(6.0, 0.0)	(7.0, 0.0)	(8.0, 0.0)	(9.0, 0.0)	(10.0, 0.0)	(11.0, 1.0)	(12.0, 96.0)	(13.0, 321.0)	(14.0, 350.0)	(15.0, 277.0)	(16.0, 265.0)	(17.0, 304.0)	(18.0, 453.0)	(19.0, 525.0)	(20.0, 694.0)	(21.0, 984.0)	(22.0, 1300.0)	(23.0, 1524.0)	(24.0, 2133.0)	(25.0, 3234.0)	(26.0, 4859.0)	(27.0, 7573.0)	(28.0, 11263.0)	(29.0, 17479.0)	(30.0, 26347.0)	(31.0, 39611.0)	(32.0, 58068.0)	(33.0, 82365.0)	(34.0, 119710.0)	(35.0, 225487.0)	(36.0, 180438.0)	(37.0, 76.0)
16s-C10_S130_L001_R1_001	(2.0, 112.0)	(3.0, 0.0)	(4.0, 0.0)	(5.0, 0.0)	(6.0, 0.0)	(7.0, 0.0)	(8.0, 0.0)	(9.0, 0.0)	(10.0, 0.0)	(11.0, 0.0)	(12.0, 0.0)	(13.0, 0.0)	(14.0, 0.0)	(15.0, 0.0)	(16.0, 0.0)	(17.0, 0.0)	(18.0, 2.0)	(19.0, 3.0)	(20.0, 5.0)	(21.0, 25.0)	(22.0, 98.0)	(23.0, 314.0)	(24.0, 901.0)	(25.0, 2353.0)	(26.0, 4837.0)	(27.0, 8755.0)	(28.0, 13474.0)	(29.0, 19130.0)	(30.0, 25768.0)	(31.0, 35829.0)	(32.0, 49800.0)	(33.0, 72916.0)	(34.0, 104946.0)	(35.0, 203404.0)	(36.0, 223852.0)	(37.0, 94.0)
16s-C10_S130_L001_R2_001	(2.0, 109.0)	(3.0, 0.0)	(4.0, 0.0)	(5.0, 0.0)	(6.0, 0.0)	(7.0, 0.0)	(8.0, 0.0)	(9.0, 0.0)	(10.0, 0.0)	(11.0, 0.0)	(12.0, 111.0)	(13.0, 350.0)	(14.0, 304.0)	(15.0, 208.0)	(16.0, 231.0)	(17.0, 326.0)	(18.0, 412.0)	(19.0, 526.0)	(20.0, 742.0)	(21.0, 1095.0)	(22.0, 1518.0)	(23.0, 2070.0)	(24.0, 3415.0)	(25.0, 5354.0)	(26.0, 8075.0)	(27.0, 11760.0)	(28.0, 16544.0)	(29.0, 22899.0)	(30.0, 31601.0)	(31.0, 44240.0)	(32.0, 59588.0)	(33.0, 81402.0)	(34.0, 112554.0)	(35.0, 199167.0)	(36.0, 161939.0)	(37.0, 78.0)
16s-C11_S138_L001_R1_001	(2.0, 377.0)	(3.0, 0.0)	(4.0, 0.0)	(5.0, 0.0)	(6.0, 0.0)	(7.0, 0.0)	(8.0, 0.0)	(9.0, 0.0)	(10.0, 0.0)	(11.0, 0.0)	(12.0, 0.0)	(13.0, 0.0)	(14.0, 1.0)	(15.0, 0.0)	(16.0, 1.0)	(17.0, 2.0)	(18.0, 0.0)	(19.0, 4.0)	(20.0, 7.0)	(21.0, 38.0)	(22.0, 128.0)	(23.0, 452.0)	(24.0, 1374.0)	(25.0, 3466.0)	(26.0, 7187.0)	(27.0, 11932.0)	(28.0, 17808.0)	(29.0, 24930.0)	(30.0, 34825.0)	(31.0, 49342.0)	(32.0, 67094.0)	(33.0, 92657.0)	(34.0, 146500.0)	(35.0, 220358.0)	(36.0, 67577.0)	(37.0, 13.0)
16s-C11_S138_L001_R2_001	(2.0, 376.0)	(3.0, 0.0)	(4.0, 0.0)	(5.0, 0.0)	(6.0, 0.0)	(7.0, 0.0)	(8.0, 0.0)	(9.0, 0.0)	(10.0, 0.0)	(11.0, 0.0)	(12.0, 48.0)	(13.0, 260.0)	(14.0, 307.0)	(15.0, 262.0)	(16.0, 197.0)	(17.0, 267.0)	(18.0, 352.0)	(19.0, 439.0)	(20.0, 623.0)	(21.0, 838.0)	(22.0, 948.0)	(23.0, 1031.0)	(24.0, 1306.0)	(25.0, 1960.0)	(26.0, 3076.0)	(27.0, 5002.0)	(28.0, 7924.0)	(29.0, 12329.0)	(30.0, 19771.0)	(31.0, 31319.0)	(32.0, 49094.0)	(33.0, 73282.0)	(34.0, 115725.0)	(35.0, 232883.0)	(36.0, 186312.0)	(37.0, 142.0)
16s-C12_S146_L001_R1_001	(2.0, 322.0)	(3.0, 0.0)	(4.0, 0.0)	(5.0, 0.0)	(6.0, 0.0)	(7.0, 0.0)	(8.0, 0.0)	(9.0, 0.0)	(10.0, 0.0)	(11.0, 0.0)	(12.0, 0.0)	(13.0, 0.0)	(14.0, 1.0)	(15.0, 2.0)	(16.0, 0.0)	(17.0, 0.0)	(18.0, 0.0)	(19.0, 3.0)	(20.0, 12.0)	(21.0, 33.0)	(22.0, 114.0)	(23.0, 363.0)	(24.0, 998.0)	(25.0, 2425.0)	(26.0, 4855.0)	(27.0, 8544.0)	(28.0, 12864.0)	(29.0, 17850.0)	(30.0, 24122.0)	(31.0, 32002.0)	(32.0, 42387.0)	(33.0, 59960.0)	(34.0, 90581.0)	(35.0, 164386.0)	(36.0, 319325.0)	(37.0, 844.0)
16s-C12_S146_L001_R2_001	(2.0, 320.0)	(3.0, 0.0)	(4.0, 0.0)	(5.0, 0.0)	(6.0, 0.0)	(7.0, 0.0)	(8.0, 0.0)	(9.0, 0.0)	(10.0, 0.0)	(11.0, 1.0)	(12.0, 91.0)	(13.0, 350.0)	(14.0, 264.0)	(15.0, 201.0)	(16.0, 221.0)	(17.0, 297.0)	(18.0, 396.0)	(19.0, 468.0)	(20.0, 684.0)	(21.0, 1053.0)	(22.0, 1531.0)	(23.0, 2384.0)	(24.0, 3830.0)	(25.0, 6308.0)	(26.0, 8956.0)	(27.0, 12706.0)	(28.0, 16850.0)	(29.0, 22503.0)	(30.0, 29605.0)	(31.0, 39732.0)	(32.0, 54483.0)	(33.0, 74777.0)	(34.0, 110020.0)	(35.0, 211020.0)	(36.0, 182746.0)	(37.0, 196.0)
16s-D01_S59_L001_R1_001	(2.0, 112.0)	(3.0, 0.0)	(4.0, 0.0)	(5.0, 0.0)	(6.0, 0.0)	(7.0, 0.0)	(8.0, 0.0)	(9.0, 0.0)	(10.0, 0.0)	(11.0, 0.0)	(12.0, 0.0)	(13.0, 0.0)	(14.0, 0.0)	(15.0, 0.0)	(16.0, 1.0)	(17.0, 0.0)	(18.0, 0.0)	(19.0, 1.0)	(20.0, 0.0)	(21.0, 9.0)	(22.0, 40.0)	(23.0, 162.0)	(24.0, 509.0)	(25.0, 1258.0)	(26.0, 2793.0)	(27.0, 5652.0)	(28.0, 9547.0)	(29.0, 14179.0)	(30.0, 20085.0)	(31.0, 28125.0)	(32.0, 39470.0)	(33.0, 59864.0)	(34.0, 91415.0)	(35.0, 176725.0)	(36.0, 240163.0)	(37.0, 208.0)
16s-D01_S59_L001_R2_001	(2.0, 110.0)	(3.0, 0.0)	(4.0, 0.0)	(5.0, 0.0)	(6.0, 0.0)	(7.0, 0.0)	(8.0, 0.0)	(9.0, 0.0)	(10.0, 0.0)	(11.0, 0.0)	(12.0, 65.0)	(13.0, 260.0)	(14.0, 248.0)	(15.0, 166.0)	(16.0, 169.0)	(17.0, 300.0)	(18.0, 357.0)	(19.0, 533.0)	(20.0, 721.0)	(21.0, 1010.0)	(22.0, 1567.0)	(23.0, 2252.0)	(24.0, 3708.0)	(25.0, 5669.0)	(26.0, 8221.0)	(27.0, 11222.0)	(28.0, 15381.0)	(29.0, 20734.0)	(30.0, 28172.0)	(31.0, 38253.0)	(32.0, 52275.0)	(33.0, 69331.0)	(34.0, 97878.0)	(35.0, 185657.0)	(36.0, 145971.0)	(37.0, 88.0)
16s-D02_S67_L001_R1_001	(2.0, 149.0)	(3.0, 0.0)	(4.0, 0.0)	(5.0, 0.0)	(6.0, 0.0)	(7.0, 0.0)	(8.0, 0.0)	(9.0, 0.0)	(10.0, 0.0)	(11.0, 0.0)	(12.0, 0.0)	(13.0, 0.0)	(14.0, 0.0)	(15.0, 1.0)	(16.0, 0.0)	(17.0, 2.0)	(18.0, 1.0)	(19.0, 3.0)	(20.0, 7.0)	(21.0, 26.0)	(22.0, 112.0)	(23.0, 330.0)	(24.0, 951.0)	(25.0, 2400.0)	(26.0, 5201.0)	(27.0, 9558.0)	(28.0, 15220.0)	(29.0, 21624.0)	(30.0, 29386.0)	(31.0, 40380.0)	(32.0, 55455.0)	(33.0, 80364.0)	(34.0, 115180.0)	(35.0, 223216.0)	(36.0, 241607.0)	(37.0, 118.0)
16s-D02_S67_L001_R2_001	(2.0, 148.0)	(3.0, 0.0)	(4.0, 0.0)	(5.0, 0.0)	(6.0, 0.0)	(7.0, 0.0)	(8.0, 0.0)	(9.0, 0.0)	(10.0, 0.0)	(11.0, 0.0)	(12.0, 89.0)	(13.0, 365.0)	(14.0, 372.0)	(15.0, 266.0)	(16.0, 281.0)	(17.0, 378.0)	(18.0, 509.0)	(19.0, 687.0)	(20.0, 928.0)	(21.0, 1267.0)	(22.0, 1665.0)	(23.0, 2521.0)	(24.0, 4074.0)	(25.0, 6416.0)	(26.0, 9536.0)	(27.0, 13665.0)	(28.0, 18828.0)	(29.0, 26321.0)	(30.0, 35861.0)	(31.0, 49539.0)	(32.0, 66455.0)	(33.0, 86788.0)	(34.0, 124884.0)	(35.0, 232227.0)	(36.0, 157148.0)	(37.0, 73.0)
16s-D03_S75_L001_R1_001	(2.0, 202.0)	(3.0, 0.0)	(4.0, 0.0)	(5.0, 0.0)	(6.0, 0.0)	(7.0, 0.0)	(8.0, 0.0)	(9.0, 0.0)	(10.0, 0.0)	(11.0, 0.0)	(12.0, 0.0)	(13.0, 0.0)	(14.0, 0.0)	(15.0, 0.0)	(16.0, 0.0)	(17.0, 0.0)	(18.0, 0.0)	(19.0, 2.0)	(20.0, 10.0)	(21.0, 30.0)	(22.0, 103.0)	(23.0, 343.0)	(24.0, 957.0)	(25.0, 2425.0)	(26.0, 4995.0)	(27.0, 9048.0)	(28.0, 13738.0)	(29.0, 19788.0)	(30.0, 26675.0)	(31.0, 36382.0)	(32.0, 50487.0)	(33.0, 74022.0)	(34.0, 111460.0)	(35.0, 228278.0)	(36.0, 291157.0)	(37.0, 207.0)
16s-D03_S75_L001_R2_001	(2.0, 203.0)	(3.0, 0.0)	(4.0, 0.0)	(5.0, 0.0)	(6.0, 0.0)	(7.0, 0.0)	(8.0, 0.0)	(9.0, 0.0)	(10.0, 0.0)	(11.0, 0.0)	(12.0, 112.0)	(13.0, 398.0)	(14.0, 264.0)	(15.0, 207.0)	(16.0, 229.0)	(17.0, 333.0)	(18.0, 436.0)	(19.0, 515.0)	(20.0, 734.0)	(21.0, 1166.0)	(22.0, 1665.0)	(23.0, 2220.0)	(24.0, 3377.0)	(25.0, 5489.0)	(26.0, 8087.0)	(27.0, 11726.0)	(28.0, 16166.0)	(29.0, 22306.0)	(30.0, 30610.0)	(31.0, 43349.0)	(32.0, 59819.0)	(33.0, 84896.0)	(34.0, 125005.0)	(35.0, 243057.0)	(36.0, 207620.0)	(37.0, 320.0)
16s-D04_S83_L001_R1_001	(2.0, 98.0)	(3.0, 0.0)	(4.0, 0.0)	(5.0, 0.0)	(6.0, 0.0)	(7.0, 0.0)	(8.0, 0.0)	(9.0, 0.0)	(10.0, 0.0)	(11.0, 0.0)	(12.0, 0.0)	(13.0, 0.0)	(14.0, 0.0)	(15.0, 0.0)	(16.0, 0.0)	(17.0, 0.0)	(18.0, 3.0)	(19.0, 1.0)	(20.0, 9.0)	(21.0, 25.0)	(22.0, 95.0)	(23.0, 279.0)	(24.0, 745.0)	(25.0, 1732.0)	(26.0, 3760.0)	(27.0, 6447.0)	(28.0, 10380.0)	(29.0, 15321.0)	(30.0, 21350.0)	(31.0, 29324.0)	(32.0, 41409.0)	(33.0, 61675.0)	(34.0, 92739.0)	(35.0, 189396.0)	(36.0, 267184.0)	(37.0, 168.0)
16s-D04_S83_L001_R2_001	(2.0, 95.0)	(3.0, 0.0)	(4.0, 0.0)	(5.0, 0.0)	(6.0, 0.0)	(7.0, 0.0)	(8.0, 0.0)	(9.0, 0.0)	(10.0, 0.0)	(11.0, 0.0)	(12.0, 86.0)	(13.0, 315.0)	(14.0, 292.0)	(15.0, 201.0)	(16.0, 212.0)	(17.0, 313.0)	(18.0, 329.0)	(19.0, 438.0)	(20.0, 640.0)	(21.0, 968.0)	(22.0, 1319.0)	(23.0, 1877.0)	(24.0, 3022.0)	(25.0, 4850.0)	(26.0, 7354.0)	(27.0, 10629.0)	(28.0, 14839.0)	(29.0, 20291.0)	(30.0, 28798.0)	(31.0, 41044.0)	(32.0, 57623.0)	(33.0, 79988.0)	(34.0, 112389.0)	(35.0, 195865.0)	(36.0, 158285.0)	(37.0, 78.0)
16s-D05_S91_L001_R1_001	(2.0, 103.0)	(3.0, 0.0)	(4.0, 0.0)	(5.0, 0.0)	(6.0, 0.0)	(7.0, 0.0)	(8.0, 0.0)	(9.0, 0.0)	(10.0, 0.0)	(11.0, 0.0)	(12.0, 0.0)	(13.0, 1.0)	(14.0, 0.0)	(15.0, 0.0)	(16.0, 0.0)	(17.0, 0.0)	(18.0, 1.0)	(19.0, 2.0)	(20.0, 5.0)	(21.0, 39.0)	(22.0, 163.0)	(23.0, 567.0)	(24.0, 1625.0)	(25.0, 3714.0)	(26.0, 7239.0)	(27.0, 12034.0)	(28.0, 17839.0)	(29.0, 25307.0)	(30.0, 36222.0)	(31.0, 49953.0)	(32.0, 67102.0)	(33.0, 93649.0)	(34.0, 145293.0)	(35.0, 211560.0)	(36.0, 80506.0)	(37.0, 31.0)
16s-D05_S91_L001_R2_001	(2.0, 106.0)	(3.0, 0.0)	(4.0, 0.0)	(5.0, 0.0)	(6.0, 0.0)	(7.0, 0.0)	(8.0, 0.0)	(9.0, 0.0)	(10.0, 0.0)	(11.0, 0.0)	(12.0, 102.0)	(13.0, 316.0)	(14.0, 303.0)	(15.0, 217.0)	(16.0, 231.0)	(17.0, 287.0)	(18.0, 308.0)	(19.0, 451.0)	(20.0, 637.0)	(21.0, 890.0)	(22.0, 1080.0)	(23.0, 1053.0)	(24.0, 1188.0)	(25.0, 1695.0)	(26.0, 2747.0)	(27.0, 4382.0)	(28.0, 7017.0)	(29.0, 11050.0)	(30.0, 17517.0)	(31.0, 28300.0)	(32.0, 44254.0)	(33.0, 68533.0)	(34.0, 110797.0)	(35.0, 234737.0)	(36.0, 214601.0)	(37.0, 156.0)
16s-D06_S99_L001_R1_001	(2.0, 156.0)	(3.0, 0.0)	(4.0, 0.0)	(5.0, 0.0)	(6.0, 0.0)	(7.0, 0.0)	(8.0, 0.0)	(9.0, 0.0)	(10.0, 0.0)	(11.0, 0.0)	(12.0, 0.0)	(13.0, 0.0)	(14.0, 0.0)	(15.0, 0.0)	(16.0, 0.0)	(17.0, 0.0)	(18.0, 1.0)	(19.0, 2.0)	(20.0, 6.0)	(21.0, 11.0)	(22.0, 63.0)	(23.0, 184.0)	(24.0, 487.0)	(25.0, 1235.0)	(26.0, 2666.0)	(27.0, 5064.0)	(28.0, 8482.0)	(29.0, 12207.0)	(30.0, 17439.0)	(31.0, 24652.0)	(32.0, 33819.0)	(33.0, 51670.0)	(34.0, 79033.0)	(35.0, 147993.0)	(36.0, 266789.0)	(37.0, 463.0)
16s-D06_S99_L001_R2_001	(2.0, 154.0)	(3.0, 0.0)	(4.0, 0.0)	(5.0, 0.0)	(6.0, 0.0)	(7.0, 0.0)	(8.0, 0.0)	(9.0, 0.0)	(10.0, 0.0)	(11.0, 0.0)	(12.0, 64.0)	(13.0, 260.0)	(14.0, 243.0)	(15.0, 160.0)	(16.0, 215.0)	(17.0, 277.0)	(18.0, 356.0)	(19.0, 454.0)	(20.0, 662.0)	(21.0, 991.0)	(22.0, 1438.0)	(23.0, 2119.0)	(24.0, 3448.0)	(25.0, 5530.0)	(26.0, 8129.0)	(27.0, 11261.0)	(28.0, 14941.0)	(29.0, 20407.0)	(30.0, 26955.0)	(31.0, 36322.0)	(32.0, 48889.0)	(33.0, 65908.0)	(34.0, 94215.0)	(35.0, 177272.0)	(36.0, 131679.0)	(37.0, 73.0)
16s-D07_S107_L001_R1_001	(2.0, 59.0)	(3.0, 0.0)	(4.0, 0.0)	(5.0, 0.0)	(6.0, 0.0)	(7.0, 0.0)	(8.0, 0.0)	(9.0, 0.0)	(10.0, 0.0)	(11.0, 0.0)	(12.0, 0.0)	(13.0, 0.0)	(14.0, 1.0)	(15.0, 1.0)	(16.0, 0.0)	(17.0, 1.0)	(18.0, 1.0)	(19.0, 6.0)	(20.0, 19.0)	(21.0, 27.0)	(22.0, 155.0)	(23.0, 469.0)	(24.0, 1323.0)	(25.0, 3361.0)	(26.0, 7196.0)	(27.0, 11960.0)	(28.0, 17464.0)	(29.0, 23785.0)	(30.0, 31997.0)	(31.0, 43819.0)	(32.0, 59115.0)	(33.0, 81586.0)	(34.0, 119240.0)	(35.0, 219575.0)	(36.0, 116451.0)	(37.0, 20.0)
16s-D07_S107_L001_R2_001	(2.0, 60.0)	(3.0, 0.0)	(4.0, 0.0)	(5.0, 0.0)	(6.0, 0.0)	(7.0, 0.0)	(8.0, 0.0)	(9.0, 0.0)	(10.0, 0.0)	(11.0, 0.0)	(12.0, 130.0)	(13.0, 371.0)	(14.0, 267.0)	(15.0, 217.0)	(16.0, 228.0)	(17.0, 300.0)	(18.0, 363.0)	(19.0, 430.0)	(20.0, 677.0)	(21.0, 912.0)	(22.0, 1138.0)	(23.0, 1433.0)	(24.0, 1948.0)	(25.0, 3040.0)	(26.0, 4694.0)	(27.0, 7020.0)	(28.0, 10484.0)	(29.0, 15614.0)	(30.0, 23968.0)	(31.0, 36256.0)	(32.0, 53331.0)	(33.0, 77536.0)	(34.0, 119424.0)	(35.0, 228697.0)	(36.0, 149011.0)	(37.0, 82.0)
16s-D08_S115_L001_R1_001	(2.0, 200.0)	(3.0, 0.0)	(4.0, 0.0)	(5.0, 0.0)	(6.0, 0.0)	(7.0, 0.0)	(8.0, 0.0)	(9.0, 0.0)	(10.0, 0.0)	(11.0, 0.0)	(12.0, 0.0)	(13.0, 0.0)	(14.0, 0.0)	(15.0, 0.0)	(16.0, 0.0)	(17.0, 0.0)	(18.0, 0.0)	(19.0, 1.0)	(20.0, 3.0)	(21.0, 15.0)	(22.0, 43.0)	(23.0, 141.0)	(24.0, 398.0)	(25.0, 987.0)	(26.0, 2242.0)	(27.0, 4271.0)	(28.0, 7169.0)	(29.0, 10749.0)	(30.0, 15708.0)	(31.0, 22435.0)	(32.0, 31904.0)	(33.0, 47208.0)	(34.0, 75026.0)	(35.0, 134728.0)	(36.0, 290658.0)	(37.0, 1176.0)
16s-D08_S115_L001_R2_001	(2.0, 196.0)	(3.0, 0.0)	(4.0, 0.0)	(5.0, 0.0)	(6.0, 0.0)	(7.0, 0.0)	(8.0, 0.0)	(9.0, 0.0)	(10.0, 0.0)	(11.0, 1.0)	(12.0, 68.0)	(13.0, 266.0)	(14.0, 222.0)	(15.0, 157.0)	(16.0, 184.0)	(17.0, 272.0)	(18.0, 340.0)	(19.0, 419.0)	(20.0, 614.0)	(21.0, 908.0)	(22.0, 1279.0)	(23.0, 1835.0)	(24.0, 3002.0)	(25.0, 4863.0)	(26.0, 7070.0)	(27.0, 10225.0)	(28.0, 13388.0)	(29.0, 18097.0)	(30.0, 24431.0)	(31.0, 32958.0)	(32.0, 45058.0)	(33.0, 62435.0)	(34.0, 90271.0)	(35.0, 173971.0)	(36.0, 152403.0)	(37.0, 129.0)
16s-D09_S123_L001_R1_001	(2.0, 96.0)	(3.0, 0.0)	(4.0, 0.0)	(5.0, 0.0)	(6.0, 0.0)	(7.0, 0.0)	(8.0, 0.0)	(9.0, 0.0)	(10.0, 0.0)	(11.0, 0.0)	(12.0, 0.0)	(13.0, 0.0)	(14.0, 1.0)	(15.0, 0.0)	(16.0, 0.0)	(17.0, 1.0)	(18.0, 1.0)	(19.0, 1.0)	(20.0, 4.0)	(21.0, 19.0)	(22.0, 74.0)	(23.0, 237.0)	(24.0, 737.0)	(25.0, 1959.0)	(26.0, 4301.0)	(27.0, 7960.0)	(28.0, 12868.0)	(29.0, 18654.0)	(30.0, 26251.0)	(31.0, 36866.0)	(32.0, 51733.0)	(33.0, 71994.0)	(34.0, 105934.0)	(35.0, 203882.0)	(36.0, 121807.0)	(37.0, 41.0)
16s-D09_S123_L001_R2_001	(2.0, 92.0)	(3.0, 0.0)	(4.0, 0.0)	(5.0, 0.0)	(6.0, 0.0)	(7.0, 0.0)	(8.0, 0.0)	(9.0, 0.0)	(10.0, 0.0)	(11.0, 1.0)	(12.0, 57.0)	(13.0, 309.0)	(14.0, 264.0)	(15.0, 212.0)	(16.0, 213.0)	(17.0, 262.0)	(18.0, 356.0)	(19.0, 477.0)	(20.0, 600.0)	(21.0, 845.0)	(22.0, 1066.0)	(23.0, 1363.0)	(24.0, 1967.0)	(25.0, 3287.0)	(26.0, 5114.0)	(27.0, 7869.0)	(28.0, 11668.0)	(29.0, 16933.0)	(30.0, 24929.0)	(31.0, 37398.0)	(32.0, 52501.0)	(33.0, 72654.0)	(34.0, 107139.0)	(35.0, 195415.0)	(36.0, 122379.0)	(37.0, 51.0)
16s-D10_S131_L001_R1_001	(2.0, 263.0)	(3.0, 0.0)	(4.0, 0.0)	(5.0, 0.0)	(6.0, 0.0)	(7.0, 0.0)	(8.0, 0.0)	(9.0, 0.0)	(10.0, 0.0)	(11.0, 0.0)	(12.0, 0.0)	(13.0, 0.0)	(14.0, 0.0)	(15.0, 0.0)	(16.0, 0.0)	(17.0, 0.0)	(18.0, 1.0)	(19.0, 4.0)	(20.0, 11.0)	(21.0, 23.0)	(22.0, 74.0)	(23.0, 216.0)	(24.0, 617.0)	(25.0, 1489.0)	(26.0, 2929.0)	(27.0, 5699.0)	(28.0, 9347.0)	(29.0, 14446.0)	(30.0, 20808.0)	(31.0, 29667.0)	(32.0, 42389.0)	(33.0, 63720.0)	(34.0, 97269.0)	(35.0, 182768.0)	(36.0, 277435.0)	(37.0, 318.0)
16s-D10_S131_L001_R2_001	(2.0, 260.0)	(3.0, 0.0)	(4.0, 0.0)	(5.0, 0.0)	(6.0, 0.0)	(7.0, 0.0)	(8.0, 0.0)	(9.0, 0.0)	(10.0, 0.0)	(11.0, 0.0)	(12.0, 103.0)	(13.0, 326.0)	(14.0, 271.0)	(15.0, 229.0)	(16.0, 192.0)	(17.0, 282.0)	(18.0, 371.0)	(19.0, 476.0)	(20.0, 691.0)	(21.0, 1003.0)	(22.0, 1310.0)	(23.0, 1803.0)	(24.0, 3158.0)	(25.0, 5088.0)	(26.0, 7646.0)	(27.0, 10945.0)	(28.0, 15393.0)	(29.0, 21082.0)	(30.0, 28895.0)	(31.0, 40915.0)	(32.0, 56089.0)	(33.0, 78183.0)	(34.0, 108986.0)	(35.0, 197976.0)	(36.0, 167744.0)	(37.0, 76.0)
16s-D11_S139_L001_R1_001	(2.0, 586.0)	(3.0, 0.0)	(4.0, 0.0)	(5.0, 0.0)	(6.0, 0.0)	(7.0, 0.0)	(8.0, 0.0)	(9.0, 0.0)	(10.0, 0.0)	(11.0, 0.0)	(12.0, 0.0)	(13.0, 0.0)	(14.0, 1.0)	(15.0, 1.0)	(16.0, 0.0)	(17.0, 0.0)	(18.0, 1.0)	(19.0, 2.0)	(20.0, 9.0)	(21.0, 35.0)	(22.0, 100.0)	(23.0, 253.0)	(24.0, 796.0)	(25.0, 1777.0)	(26.0, 3911.0)	(27.0, 7546.0)	(28.0, 12378.0)	(29.0, 18503.0)	(30.0, 26187.0)	(31.0, 35996.0)	(32.0, 50494.0)	(33.0, 74917.0)	(34.0, 113239.0)	(35.0, 220649.0)	(36.0, 262738.0)	(37.0, 202.0)
16s-D11_S139_L001_R2_001	(2.0, 584.0)	(3.0, 0.0)	(4.0, 0.0)	(5.0, 0.0)	(6.0, 0.0)	(7.0, 0.0)	(8.0, 0.0)	(9.0, 0.0)	(10.0, 0.0)	(11.0, 1.0)	(12.0, 47.0)	(13.0, 257.0)	(14.0, 281.0)	(15.0, 267.0)	(16.0, 240.0)	(17.0, 310.0)	(18.0, 477.0)	(19.0, 624.0)	(20.0, 834.0)	(21.0, 1293.0)	(22.0, 1696.0)	(23.0, 2534.0)	(24.0, 3978.0)	(25.0, 6341.0)	(26.0, 9155.0)	(27.0, 13394.0)	(28.0, 18386.0)	(29.0, 25071.0)	(30.0, 34053.0)	(31.0, 46919.0)	(32.0, 62833.0)	(33.0, 83437.0)	(34.0, 116637.0)	(35.0, 217814.0)	(36.0, 182704.0)	(37.0, 154.0)
16s-D12_S147_L001_R1_001	(2.0, 139.0)	(3.0, 0.0)	(4.0, 0.0)	(5.0, 0.0)	(6.0, 0.0)	(7.0, 0.0)	(8.0, 0.0)	(9.0, 0.0)	(10.0, 0.0)	(11.0, 0.0)	(12.0, 0.0)	(13.0, 0.0)	(14.0, 0.0)	(15.0, 0.0)	(16.0, 1.0)	(17.0, 0.0)	(18.0, 1.0)	(19.0, 1.0)	(20.0, 6.0)	(21.0, 16.0)	(22.0, 41.0)	(23.0, 154.0)	(24.0, 469.0)	(25.0, 1215.0)	(26.0, 2793.0)	(27.0, 5488.0)	(28.0, 8814.0)	(29.0, 13458.0)	(30.0, 18942.0)	(31.0, 25843.0)	(32.0, 35268.0)	(33.0, 51784.0)	(34.0, 79511.0)	(35.0, 142045.0)	(36.0, 304366.0)	(37.0, 1332.0)
16s-D12_S147_L001_R2_001	(2.0, 135.0)	(3.0, 0.0)	(4.0, 0.0)	(5.0, 0.0)	(6.0, 0.0)	(7.0, 0.0)	(8.0, 0.0)	(9.0, 0.0)	(10.0, 0.0)	(11.0, 0.0)	(12.0, 110.0)	(13.0, 287.0)	(14.0, 241.0)	(15.0, 165.0)	(16.0, 240.0)	(17.0, 384.0)	(18.0, 417.0)	(19.0, 494.0)	(20.0, 731.0)	(21.0, 1086.0)	(22.0, 1576.0)	(23.0, 2391.0)	(24.0, 3907.0)	(25.0, 6308.0)	(26.0, 9196.0)	(27.0, 12416.0)	(28.0, 16317.0)	(29.0, 21329.0)	(30.0, 27674.0)	(31.0, 38040.0)	(32.0, 51244.0)	(33.0, 70007.0)	(34.0, 102031.0)	(35.0, 189412.0)	(36.0, 135431.0)	(37.0, 118.0)
16s-E01_S60_L001_R1_001	(2.0, 300.0)	(3.0, 0.0)	(4.0, 0.0)	(5.0, 0.0)	(6.0, 0.0)	(7.0, 0.0)	(8.0, 0.0)	(9.0, 0.0)	(10.0, 0.0)	(11.0, 0.0)	(12.0, 0.0)	(13.0, 0.0)	(14.0, 0.0)	(15.0, 0.0)	(16.0, 0.0)	(17.0, 0.0)	(18.0, 0.0)	(19.0, 5.0)	(20.0, 15.0)	(21.0, 46.0)	(22.0, 120.0)	(23.0, 294.0)	(24.0, 767.0)	(25.0, 1936.0)	(26.0, 4299.0)	(27.0, 8011.0)	(28.0, 13242.0)	(29.0, 19299.0)	(30.0, 26800.0)	(31.0, 36957.0)	(32.0, 51040.0)	(33.0, 74786.0)	(34.0, 110280.0)	(35.0, 209705.0)	(36.0, 274513.0)	(37.0, 243.0)
16s-E01_S60_L001_R2_001	(2.0, 293.0)	(3.0, 0.0)	(4.0, 0.0)	(5.0, 0.0)	(6.0, 0.0)	(7.0, 0.0)	(8.0, 0.0)	(9.0, 0.0)	(10.0, 0.0)	(11.0, 1.0)	(12.0, 96.0)	(13.0, 404.0)	(14.0, 348.0)	(15.0, 271.0)	(16.0, 249.0)	(17.0, 410.0)	(18.0, 484.0)	(19.0, 610.0)	(20.0, 837.0)	(21.0, 1234.0)	(22.0, 1621.0)	(23.0, 2424.0)	(24.0, 3867.0)	(25.0, 6081.0)	(26.0, 8976.0)	(27.0, 13102.0)	(28.0, 17683.0)	(29.0, 24297.0)	(30.0, 33074.0)	(31.0, 45874.0)	(32.0, 62309.0)	(33.0, 84459.0)	(34.0, 119779.0)	(35.0, 224572.0)	(36.0, 179217.0)	(37.0, 86.0)
16s-E02_S68_L001_R1_001	(2.0, 135.0)	(3.0, 0.0)	(4.0, 0.0)	(5.0, 0.0)	(6.0, 0.0)	(7.0, 0.0)	(8.0, 0.0)	(9.0, 0.0)	(10.0, 0.0)	(11.0, 0.0)	(12.0, 0.0)	(13.0, 0.0)	(14.0, 0.0)	(15.0, 1.0)	(16.0, 1.0)	(17.0, 0.0)	(18.0, 0.0)	(19.0, 5.0)	(20.0, 13.0)	(21.0, 31.0)	(22.0, 94.0)	(23.0, 344.0)	(24.0, 1142.0)	(25.0, 2830.0)	(26.0, 5963.0)	(27.0, 10297.0)	(28.0, 15420.0)	(29.0, 22277.0)	(30.0, 29947.0)	(31.0, 40934.0)	(32.0, 57906.0)	(33.0, 86654.0)	(34.0, 128260.0)	(35.0, 250955.0)	(36.0, 258552.0)	(37.0, 74.0)
16s-E02_S68_L001_R2_001	(2.0, 132.0)	(3.0, 0.0)	(4.0, 0.0)	(5.0, 0.0)	(6.0, 0.0)	(7.0, 0.0)	(8.0, 0.0)	(9.0, 0.0)	(10.0, 0.0)	(11.0, 2.0)	(12.0, 100.0)	(13.0, 401.0)	(14.0, 329.0)	(15.0, 276.0)	(16.0, 311.0)	(17.0, 395.0)	(18.0, 489.0)	(19.0, 646.0)	(20.0, 927.0)	(21.0, 1275.0)	(22.0, 1615.0)	(23.0, 2171.0)	(24.0, 3439.0)	(25.0, 5497.0)	(26.0, 8264.0)	(27.0, 12292.0)	(28.0, 17331.0)	(29.0, 24577.0)	(30.0, 34916.0)	(31.0, 49784.0)	(32.0, 69335.0)	(33.0, 95338.0)	(34.0, 135662.0)	(35.0, 253029.0)	(36.0, 193206.0)	(37.0, 96.0)
16s-E03_S76_L001_R1_001	(2.0, 360.0)	(3.0, 0.0)	(4.0, 0.0)	(5.0, 0.0)	(6.0, 0.0)	(7.0, 0.0)	(8.0, 0.0)	(9.0, 0.0)	(10.0, 0.0)	(11.0, 0.0)	(12.0, 0.0)	(13.0, 0.0)	(14.0, 0.0)	(15.0, 0.0)	(16.0, 0.0)	(17.0, 1.0)	(18.0, 2.0)	(19.0, 6.0)	(20.0, 8.0)	(21.0, 32.0)	(22.0, 76.0)	(23.0, 261.0)	(24.0, 724.0)	(25.0, 1868.0)	(26.0, 4022.0)	(27.0, 7505.0)	(28.0, 12116.0)	(29.0, 17270.0)	(30.0, 24015.0)	(31.0, 33162.0)	(32.0, 46851.0)	(33.0, 70990.0)	(34.0, 108650.0)	(35.0, 211073.0)	(36.0, 282286.0)	(37.0, 212.0)
16s-E03_S76_L001_R2_001	(2.0, 360.0)	(3.0, 0.0)	(4.0, 0.0)	(5.0, 0.0)	(6.0, 0.0)	(7.0, 0.0)	(8.0, 0.0)	(9.0, 0.0)	(10.0, 0.0)	(11.0, 0.0)	(12.0, 81.0)	(13.0, 336.0)	(14.0, 272.0)	(15.0, 221.0)	(16.0, 242.0)	(17.0, 302.0)	(18.0, 415.0)	(19.0, 499.0)	(20.0, 743.0)	(21.0, 1053.0)	(22.0, 1449.0)	(23.0, 2014.0)	(24.0, 3138.0)	(25.0, 4844.0)	(26.0, 7205.0)	(27.0, 10540.0)	(28.0, 15166.0)	(29.0, 21465.0)	(30.0, 29270.0)	(31.0, 41628.0)	(32.0, 58734.0)	(33.0, 78849.0)	(34.0, 111497.0)	(35.0, 215219.0)	(36.0, 215834.0)	(37.0, 114.0)
16s-E04_S84_L001_R1_001	(2.0, 141.0)	(3.0, 0.0)	(4.0, 0.0)	(5.0, 0.0)	(6.0, 0.0)	(7.0, 0.0)	(8.0, 0.0)	(9.0, 0.0)	(10.0, 0.0)	(11.0, 0.0)	(12.0, 0.0)	(13.0, 0.0)	(14.0, 0.0)	(15.0, 1.0)	(16.0, 0.0)	(17.0, 0.0)	(18.0, 1.0)	(19.0, 5.0)	(20.0, 12.0)	(21.0, 35.0)	(22.0, 65.0)	(23.0, 219.0)	(24.0, 554.0)	(25.0, 1488.0)	(26.0, 3378.0)	(27.0, 6384.0)	(28.0, 10632.0)	(29.0, 15949.0)	(30.0, 22437.0)	(31.0, 30997.0)	(32.0, 43203.0)	(33.0, 65098.0)	(34.0, 96420.0)	(35.0, 190062.0)	(36.0, 231456.0)	(37.0, 103.0)
16s-E04_S84_L001_R2_001	(2.0, 143.0)	(3.0, 0.0)	(4.0, 0.0)	(5.0, 0.0)	(6.0, 0.0)	(7.0, 0.0)	(8.0, 0.0)	(9.0, 0.0)	(10.0, 0.0)	(11.0, 0.0)	(12.0, 103.0)	(13.0, 342.0)	(14.0, 330.0)	(15.0, 244.0)	(16.0, 206.0)	(17.0, 341.0)	(18.0, 426.0)	(19.0, 548.0)	(20.0, 785.0)	(21.0, 1027.0)	(22.0, 1442.0)	(23.0, 2123.0)	(24.0, 3439.0)	(25.0, 5388.0)	(26.0, 7796.0)	(27.0, 11278.0)	(28.0, 14917.0)	(29.0, 20443.0)	(30.0, 27207.0)	(31.0, 38267.0)	(32.0, 53383.0)	(33.0, 71517.0)	(34.0, 100593.0)	(35.0, 190147.0)	(36.0, 166149.0)	(37.0, 56.0)
16s-E05_S92_L001_R1_001	(2.0, 230.0)	(3.0, 0.0)	(4.0, 0.0)	(5.0, 0.0)	(6.0, 0.0)	(7.0, 0.0)	(8.0, 0.0)	(9.0, 0.0)	(10.0, 0.0)	(11.0, 0.0)	(12.0, 0.0)	(13.0, 0.0)	(14.0, 0.0)	(15.0, 2.0)	(16.0, 0.0)	(17.0, 1.0)	(18.0, 0.0)	(19.0, 4.0)	(20.0, 9.0)	(21.0, 44.0)	(22.0, 157.0)	(23.0, 569.0)	(24.0, 1755.0)	(25.0, 4085.0)	(26.0, 7879.0)	(27.0, 12623.0)	(28.0, 18192.0)	(29.0, 24559.0)	(30.0, 32660.0)	(31.0, 43707.0)	(32.0, 57633.0)	(33.0, 76912.0)	(34.0, 114669.0)	(35.0, 179427.0)	(36.0, 69359.0)	(37.0, 16.0)
16s-E05_S92_L001_R2_001	(2.0, 232.0)	(3.0, 0.0)	(4.0, 0.0)	(5.0, 0.0)	(6.0, 0.0)	(7.0, 0.0)	(8.0, 0.0)	(9.0, 0.0)	(10.0, 0.0)	(11.0, 0.0)	(12.0, 112.0)	(13.0, 299.0)	(14.0, 240.0)	(15.0, 189.0)	(16.0, 189.0)	(17.0, 243.0)	(18.0, 282.0)	(19.0, 387.0)	(20.0, 566.0)	(21.0, 830.0)	(22.0, 995.0)	(23.0, 1069.0)	(24.0, 1481.0)	(25.0, 2349.0)	(26.0, 3684.0)	(27.0, 5785.0)	(28.0, 8480.0)	(29.0, 13011.0)	(30.0, 19561.0)	(31.0, 29571.0)	(32.0, 44166.0)	(33.0, 64250.0)	(34.0, 99025.0)	(35.0, 195702.0)	(36.0, 151695.0)	(37.0, 99.0)
16s-E06_S100_L001_R1_001	(2.0, 84.0)	(3.0, 0.0)	(4.0, 0.0)	(5.0, 0.0)	(6.0, 0.0)	(7.0, 0.0)	(8.0, 0.0)	(9.0, 0.0)	(10.0, 0.0)	(11.0, 0.0)	(12.0, 0.0)	(13.0, 0.0)	(14.0, 0.0)	(15.0, 0.0)	(16.0, 0.0)	(17.0, 0.0)	(18.0, 0.0)	(19.0, 0.0)	(20.0, 6.0)	(21.0, 27.0)	(22.0, 98.0)	(23.0, 229.0)	(24.0, 613.0)	(25.0, 1468.0)	(26.0, 3261.0)	(27.0, 6352.0)	(28.0, 10607.0)	(29.0, 16306.0)	(30.0, 22971.0)	(31.0, 32927.0)	(32.0, 46486.0)	(33.0, 70179.0)	(34.0, 105194.0)	(35.0, 201972.0)	(36.0, 287890.0)	(37.0, 190.0)
16s-E06_S100_L001_R2_001	(2.0, 82.0)	(3.0, 0.0)	(4.0, 0.0)	(5.0, 0.0)	(6.0, 0.0)	(7.0, 0.0)	(8.0, 0.0)	(9.0, 0.0)	(10.0, 0.0)	(11.0, 1.0)	(12.0, 113.0)	(13.0, 388.0)	(14.0, 333.0)	(15.0, 244.0)	(16.0, 253.0)	(17.0, 361.0)	(18.0, 442.0)	(19.0, 533.0)	(20.0, 758.0)	(21.0, 1120.0)	(22.0, 1449.0)	(23.0, 2111.0)	(24.0, 3434.0)	(25.0, 5464.0)	(26.0, 8288.0)	(27.0, 11940.0)	(28.0, 16212.0)	(29.0, 22818.0)	(30.0, 31450.0)	(31.0, 45253.0)	(32.0, 63294.0)	(33.0, 87269.0)	(34.0, 122179.0)	(35.0, 216963.0)	(36.0, 164027.0)	(37.0, 81.0)
16s-E07_S108_L001_R1_001	(2.0, 92.0)	(3.0, 0.0)	(4.0, 0.0)	(5.0, 0.0)	(6.0, 0.0)	(7.0, 0.0)	(8.0, 0.0)	(9.0, 0.0)	(10.0, 0.0)	(11.0, 0.0)	(12.0, 0.0)	(13.0, 0.0)	(14.0, 0.0)	(15.0, 1.0)	(16.0, 0.0)	(17.0, 0.0)	(18.0, 2.0)	(19.0, 5.0)	(20.0, 7.0)	(21.0, 30.0)	(22.0, 103.0)	(23.0, 312.0)	(24.0, 894.0)	(25.0, 2121.0)	(26.0, 4271.0)	(27.0, 7718.0)	(28.0, 11434.0)	(29.0, 16296.0)	(30.0, 21922.0)	(31.0, 29304.0)	(32.0, 39021.0)	(33.0, 56210.0)	(34.0, 84625.0)	(35.0, 162923.0)	(36.0, 281128.0)	(37.0, 411.0)
16s-E07_S108_L001_R2_001	(2.0, 95.0)	(3.0, 0.0)	(4.0, 0.0)	(5.0, 0.0)	(6.0, 0.0)	(7.0, 0.0)	(8.0, 0.0)	(9.0, 0.0)	(10.0, 0.0)	(11.0, 2.0)	(12.0, 145.0)	(13.0, 336.0)	(14.0, 246.0)	(15.0, 203.0)	(16.0, 238.0)	(17.0, 350.0)	(18.0, 399.0)	(19.0, 536.0)	(20.0, 665.0)	(21.0, 1049.0)	(22.0, 1459.0)	(23.0, 2175.0)	(24.0, 3387.0)	(25.0, 5549.0)	(26.0, 8190.0)	(27.0, 11325.0)	(28.0, 15283.0)	(29.0, 20313.0)	(30.0, 26994.0)	(31.0, 36755.0)	(32.0, 49076.0)	(33.0, 69166.0)	(34.0, 103040.0)	(35.0, 203009.0)	(36.0, 158738.0)	(37.0, 107.0)
16s-E08_S116_L001_R1_001	(2.0, 354.0)	(3.0, 0.0)	(4.0, 0.0)	(5.0, 0.0)	(6.0, 0.0)	(7.0, 0.0)	(8.0, 0.0)	(9.0, 0.0)	(10.0, 0.0)	(11.0, 0.0)	(12.0, 0.0)	(13.0, 0.0)	(14.0, 0.0)	(15.0, 0.0)	(16.0, 0.0)	(17.0, 1.0)	(18.0, 2.0)	(19.0, 9.0)	(20.0, 15.0)	(21.0, 54.0)	(22.0, 119.0)	(23.0, 422.0)	(24.0, 1158.0)	(25.0, 2877.0)	(26.0, 5940.0)	(27.0, 10515.0)	(28.0, 14847.0)	(29.0, 19979.0)	(30.0, 25992.0)	(31.0, 34461.0)	(32.0, 47424.0)	(33.0, 69653.0)	(34.0, 104215.0)	(35.0, 203657.0)	(36.0, 216885.0)	(37.0, 150.0)
16s-E08_S116_L001_R2_001	(2.0, 350.0)	(3.0, 0.0)	(4.0, 0.0)	(5.0, 0.0)	(6.0, 0.0)	(7.0, 0.0)	(8.0, 0.0)	(9.0, 0.0)	(10.0, 0.0)	(11.0, 1.0)	(12.0, 61.0)	(13.0, 284.0)	(14.0, 319.0)	(15.0, 240.0)	(16.0, 225.0)	(17.0, 340.0)	(18.0, 475.0)	(19.0, 648.0)	(20.0, 776.0)	(21.0, 1139.0)	(22.0, 1594.0)	(23.0, 2330.0)	(24.0, 3604.0)	(25.0, 5451.0)	(26.0, 7752.0)	(27.0, 11027.0)	(28.0, 15968.0)	(29.0, 22129.0)	(30.0, 30453.0)	(31.0, 42146.0)	(32.0, 57402.0)	(33.0, 74603.0)	(34.0, 102268.0)	(35.0, 195965.0)	(36.0, 181080.0)	(37.0, 99.0)
16s-E09_S124_L001_R1_001	(2.0, 83.0)	(3.0, 0.0)	(4.0, 0.0)	(5.0, 0.0)	(6.0, 0.0)	(7.0, 0.0)	(8.0, 0.0)	(9.0, 0.0)	(10.0, 0.0)	(11.0, 0.0)	(12.0, 0.0)	(13.0, 0.0)	(14.0, 0.0)	(15.0, 0.0)	(16.0, 0.0)	(17.0, 0.0)	(18.0, 0.0)	(19.0, 2.0)	(20.0, 5.0)	(21.0, 27.0)	(22.0, 64.0)	(23.0, 192.0)	(24.0, 470.0)	(25.0, 1335.0)	(26.0, 2912.0)	(27.0, 5534.0)	(28.0, 9211.0)	(29.0, 14124.0)	(30.0, 19579.0)	(31.0, 27646.0)	(32.0, 39198.0)	(33.0, 58440.0)	(34.0, 86730.0)	(35.0, 171829.0)	(36.0, 181968.0)	(37.0, 88.0)
16s-E09_S124_L001_R2_001	(2.0, 82.0)	(3.0, 0.0)	(4.0, 0.0)	(5.0, 0.0)	(6.0, 0.0)	(7.0, 0.0)	(8.0, 0.0)	(9.0, 0.0)	(10.0, 0.0)	(11.0, 0.0)	(12.0, 71.0)	(13.0, 285.0)	(14.0, 268.0)	(15.0, 207.0)	(16.0, 205.0)	(17.0, 286.0)	(18.0, 343.0)	(19.0, 509.0)	(20.0, 638.0)	(21.0, 863.0)	(22.0, 1115.0)	(23.0, 1631.0)	(24.0, 2564.0)	(25.0, 4098.0)	(26.0, 6032.0)	(27.0, 8432.0)	(28.0, 11919.0)	(29.0, 16892.0)	(30.0, 23681.0)	(31.0, 34014.0)	(32.0, 48350.0)	(33.0, 67161.0)	(34.0, 94650.0)	(35.0, 169068.0)	(36.0, 126009.0)	(37.0, 64.0)
16s-E10_S132_L001_R1_001	(2.0, 88.0)	(3.0, 0.0)	(4.0, 0.0)	(5.0, 0.0)	(6.0, 0.0)	(7.0, 0.0)	(8.0, 0.0)	(9.0, 0.0)	(10.0, 0.0)	(11.0, 0.0)	(12.0, 0.0)	(13.0, 1.0)	(14.0, 0.0)	(15.0, 0.0)	(16.0, 0.0)	(17.0, 1.0)	(18.0, 1.0)	(19.0, 1.0)	(20.0, 6.0)	(21.0, 31.0)	(22.0, 95.0)	(23.0, 351.0)	(24.0, 1062.0)	(25.0, 2788.0)	(26.0, 5578.0)	(27.0, 9893.0)	(28.0, 14415.0)	(29.0, 19881.0)	(30.0, 27301.0)	(31.0, 36729.0)	(32.0, 51363.0)	(33.0, 74904.0)	(34.0, 106934.0)	(35.0, 203996.0)	(36.0, 217052.0)	(37.0, 90.0)
16s-E10_S132_L001_R2_001	(2.0, 87.0)	(3.0, 0.0)	(4.0, 0.0)	(5.0, 0.0)	(6.0, 0.0)	(7.0, 0.0)	(8.0, 0.0)	(9.0, 0.0)	(10.0, 0.0)	(11.0, 0.0)	(12.0, 98.0)	(13.0, 331.0)	(14.0, 326.0)	(15.0, 244.0)	(16.0, 216.0)	(17.0, 325.0)	(18.0, 439.0)	(19.0, 562.0)	(20.0, 749.0)	(21.0, 982.0)	(22.0, 1276.0)	(23.0, 1664.0)	(24.0, 2628.0)	(25.0, 4391.0)	(26.0, 6654.0)	(27.0, 10195.0)	(28.0, 14878.0)	(29.0, 21473.0)	(30.0, 30266.0)	(31.0, 43433.0)	(32.0, 60117.0)	(33.0, 81777.0)	(34.0, 116306.0)	(35.0, 214000.0)	(36.0, 159075.0)	(37.0, 69.0)
16s-E11_S140_L001_R1_001	(2.0, 251.0)	(3.0, 0.0)	(4.0, 0.0)	(5.0, 0.0)	(6.0, 0.0)	(7.0, 0.0)	(8.0, 0.0)	(9.0, 0.0)	(10.0, 0.0)	(11.0, 0.0)	(12.0, 0.0)	(13.0, 0.0)	(14.0, 0.0)	(15.0, 1.0)	(16.0, 1.0)	(17.0, 0.0)	(18.0, 1.0)	(19.0, 3.0)	(20.0, 4.0)	(21.0, 27.0)	(22.0, 46.0)	(23.0, 208.0)	(24.0, 586.0)	(25.0, 1423.0)	(26.0, 3190.0)	(27.0, 5932.0)	(28.0, 9381.0)	(29.0, 14006.0)	(30.0, 19272.0)	(31.0, 26308.0)	(32.0, 35740.0)	(33.0, 51211.0)	(34.0, 78150.0)	(35.0, 137723.0)	(36.0, 285605.0)	(37.0, 931.0)
16s-E11_S140_L001_R2_001	(2.0, 247.0)	(3.0, 0.0)	(4.0, 0.0)	(5.0, 0.0)	(6.0, 0.0)	(7.0, 0.0)	(8.0, 0.0)	(9.0, 0.0)	(10.0, 0.0)	(11.0, 2.0)	(12.0, 106.0)	(13.0, 300.0)	(14.0, 233.0)	(15.0, 180.0)	(16.0, 216.0)	(17.0, 277.0)	(18.0, 339.0)	(19.0, 446.0)	(20.0, 600.0)	(21.0, 933.0)	(22.0, 1249.0)	(23.0, 1901.0)	(24.0, 3095.0)	(25.0, 5020.0)	(26.0, 7374.0)	(27.0, 10460.0)	(28.0, 14079.0)	(29.0, 18902.0)	(30.0, 24731.0)	(31.0, 34069.0)	(32.0, 47163.0)	(33.0, 65383.0)	(34.0, 95654.0)	(35.0, 184643.0)	(36.0, 152251.0)	(37.0, 147.0)
16s-E12_S148_L001_R1_001	(2.0, 175.0)	(3.0, 0.0)	(4.0, 0.0)	(5.0, 0.0)	(6.0, 0.0)	(7.0, 0.0)	(8.0, 0.0)	(9.0, 0.0)	(10.0, 0.0)	(11.0, 0.0)	(12.0, 0.0)	(13.0, 0.0)	(14.0, 0.0)	(15.0, 0.0)	(16.0, 0.0)	(17.0, 0.0)	(18.0, 1.0)	(19.0, 1.0)	(20.0, 7.0)	(21.0, 29.0)	(22.0, 93.0)	(23.0, 354.0)	(24.0, 984.0)	(25.0, 2520.0)	(26.0, 5078.0)	(27.0, 8707.0)	(28.0, 12938.0)	(29.0, 17576.0)	(30.0, 23439.0)	(31.0, 31210.0)	(32.0, 41500.0)	(33.0, 56747.0)	(34.0, 79377.0)	(35.0, 146131.0)	(36.0, 156464.0)	(37.0, 156.0)
16s-E12_S148_L001_R2_001	(2.0, 171.0)	(3.0, 0.0)	(4.0, 0.0)	(5.0, 0.0)	(6.0, 0.0)	(7.0, 0.0)	(8.0, 0.0)	(9.0, 0.0)	(10.0, 0.0)	(11.0, 0.0)	(12.0, 96.0)	(13.0, 276.0)	(14.0, 234.0)	(15.0, 175.0)	(16.0, 204.0)	(17.0, 342.0)	(18.0, 385.0)	(19.0, 442.0)	(20.0, 628.0)	(21.0, 873.0)	(22.0, 1126.0)	(23.0, 1455.0)	(24.0, 2396.0)	(25.0, 3884.0)	(26.0, 5628.0)	(27.0, 8552.0)	(28.0, 12219.0)	(29.0, 16754.0)	(30.0, 23297.0)	(31.0, 33028.0)	(32.0, 45497.0)	(33.0, 62690.0)	(34.0, 94430.0)	(35.0, 172126.0)	(36.0, 96493.0)	(37.0, 86.0)
16s-F01_S61_L001_R1_001	(2.0, 116.0)	(3.0, 0.0)	(4.0, 0.0)	(5.0, 0.0)	(6.0, 0.0)	(7.0, 0.0)	(8.0, 0.0)	(9.0, 0.0)	(10.0, 0.0)	(11.0, 0.0)	(12.0, 0.0)	(13.0, 0.0)	(14.0, 0.0)	(15.0, 1.0)	(16.0, 1.0)	(17.0, 0.0)	(18.0, 2.0)	(19.0, 4.0)	(20.0, 10.0)	(21.0, 24.0)	(22.0, 104.0)	(23.0, 295.0)	(24.0, 777.0)	(25.0, 1836.0)	(26.0, 3832.0)	(27.0, 7220.0)	(28.0, 11566.0)	(29.0, 16793.0)	(30.0, 23213.0)	(31.0, 32193.0)	(32.0, 44972.0)	(33.0, 66720.0)	(34.0, 99803.0)	(35.0, 191240.0)	(36.0, 269611.0)	(37.0, 223.0)
16s-F01_S61_L001_R2_001	(2.0, 113.0)	(3.0, 0.0)	(4.0, 0.0)	(5.0, 0.0)	(6.0, 0.0)	(7.0, 0.0)	(8.0, 0.0)	(9.0, 0.0)	(10.0, 0.0)	(11.0, 2.0)	(12.0, 94.0)	(13.0, 346.0)	(14.0, 286.0)	(15.0, 232.0)	(16.0, 220.0)	(17.0, 274.0)	(18.0, 359.0)	(19.0, 467.0)	(20.0, 753.0)	(21.0, 1036.0)	(22.0, 1430.0)	(23.0, 1968.0)	(24.0, 3170.0)	(25.0, 4972.0)	(26.0, 7337.0)	(27.0, 10857.0)	(28.0, 14897.0)	(29.0, 21100.0)	(30.0, 28339.0)	(31.0, 40432.0)	(32.0, 55602.0)	(33.0, 75541.0)	(34.0, 105868.0)	(35.0, 198029.0)	(36.0, 196726.0)	(37.0, 106.0)
16s-F02_S69_L001_R1_001	(2.0, 109.0)	(3.0, 0.0)	(4.0, 0.0)	(5.0, 0.0)	(6.0, 0.0)	(7.0, 0.0)	(8.0, 0.0)	(9.0, 0.0)	(10.0, 0.0)	(11.0, 0.0)	(12.0, 0.0)	(13.0, 0.0)	(14.0, 0.0)	(15.0, 0.0)	(16.0, 0.0)	(17.0, 0.0)	(18.0, 0.0)	(19.0, 1.0)	(20.0, 10.0)	(21.0, 42.0)	(22.0, 161.0)	(23.0, 551.0)	(24.0, 1535.0)	(25.0, 3766.0)	(26.0, 7395.0)	(27.0, 12059.0)	(28.0, 17627.0)	(29.0, 24213.0)	(30.0, 32580.0)	(31.0, 44522.0)	(32.0, 61112.0)	(33.0, 83360.0)	(34.0, 123190.0)	(35.0, 221126.0)	(36.0, 112652.0)	(37.0, 15.0)
16s-F02_S69_L001_R2_001	(2.0, 114.0)	(3.0, 0.0)	(4.0, 0.0)	(5.0, 0.0)	(6.0, 0.0)	(7.0, 0.0)	(8.0, 0.0)	(9.0, 0.0)	(10.0, 0.0)	(11.0, 1.0)	(12.0, 107.0)	(13.0, 323.0)	(14.0, 321.0)	(15.0, 243.0)	(16.0, 231.0)	(17.0, 326.0)	(18.0, 381.0)	(19.0, 499.0)	(20.0, 739.0)	(21.0, 991.0)	(22.0, 1119.0)	(23.0, 1311.0)	(24.0, 1814.0)	(25.0, 2781.0)	(26.0, 4295.0)	(27.0, 6652.0)	(28.0, 9864.0)	(29.0, 15115.0)	(30.0, 22459.0)	(31.0, 34507.0)	(32.0, 51775.0)	(33.0, 75804.0)	(34.0, 114374.0)	(35.0, 219369.0)	(36.0, 180400.0)	(37.0, 111.0)
16s-F03_S77_L001_R1_001	(2.0, 422.0)	(3.0, 0.0)	(4.0, 0.0)	(5.0, 0.0)	(6.0, 0.0)	(7.0, 0.0)	(8.0, 0.0)	(9.0, 0.0)	(10.0, 0.0)	(11.0, 0.0)	(12.0, 0.0)	(13.0, 0.0)	(14.0, 1.0)	(15.0, 0.0)	(16.0, 1.0)	(17.0, 0.0)	(18.0, 1.0)	(19.0, 3.0)	(20.0, 9.0)	(21.0, 41.0)	(22.0, 120.0)	(23.0, 356.0)	(24.0, 1001.0)	(25.0, 2485.0)	(26.0, 5163.0)	(27.0, 9508.0)	(28.0, 14360.0)	(29.0, 20425.0)	(30.0, 27642.0)	(31.0, 37020.0)	(32.0, 51493.0)	(33.0, 74407.0)	(34.0, 108817.0)	(35.0, 212293.0)	(36.0, 194491.0)	(37.0, 106.0)
16s-F03_S77_L001_R2_001	(2.0, 422.0)	(3.0, 0.0)	(4.0, 0.0)	(5.0, 0.0)	(6.0, 0.0)	(7.0, 0.0)	(8.0, 0.0)	(9.0, 0.0)	(10.0, 0.0)	(11.0, 1.0)	(12.0, 77.0)	(13.0, 318.0)	(14.0, 329.0)	(15.0, 230.0)	(16.0, 196.0)	(17.0, 332.0)	(18.0, 437.0)	(19.0, 551.0)	(20.0, 771.0)	(21.0, 1007.0)	(22.0, 1295.0)	(23.0, 1912.0)	(24.0, 2819.0)	(25.0, 4415.0)	(26.0, 6616.0)	(27.0, 9928.0)	(28.0, 14147.0)	(29.0, 20760.0)	(30.0, 29103.0)	(31.0, 41032.0)	(32.0, 57044.0)	(33.0, 77230.0)	(34.0, 108544.0)	(35.0, 208641.0)	(36.0, 171911.0)	(37.0, 97.0)
16s-F04_S85_L001_R1_001	(2.0, 120.0)	(3.0, 0.0)	(4.0, 0.0)	(5.0, 0.0)	(6.0, 0.0)	(7.0, 0.0)	(8.0, 0.0)	(9.0, 0.0)	(10.0, 0.0)	(11.0, 0.0)	(12.0, 0.0)	(13.0, 0.0)	(14.0, 1.0)	(15.0, 0.0)	(16.0, 0.0)	(17.0, 2.0)	(18.0, 0.0)	(19.0, 0.0)	(20.0, 13.0)	(21.0, 45.0)	(22.0, 189.0)	(23.0, 733.0)	(24.0, 1992.0)	(25.0, 4679.0)	(26.0, 8939.0)	(27.0, 13802.0)	(28.0, 19399.0)	(29.0, 26085.0)	(30.0, 34240.0)	(31.0, 46549.0)	(32.0, 62696.0)	(33.0, 85122.0)	(34.0, 126790.0)	(35.0, 225299.0)	(36.0, 111547.0)	(37.0, 20.0)
16s-F04_S85_L001_R2_001	(2.0, 122.0)	(3.0, 0.0)	(4.0, 0.0)	(5.0, 0.0)	(6.0, 0.0)	(7.0, 0.0)	(8.0, 0.0)	(9.0, 0.0)	(10.0, 0.0)	(11.0, 0.0)	(12.0, 96.0)	(13.0, 369.0)	(14.0, 305.0)	(15.0, 229.0)	(16.0, 211.0)	(17.0, 312.0)	(18.0, 374.0)	(19.0, 482.0)	(20.0, 713.0)	(21.0, 998.0)	(22.0, 1203.0)	(23.0, 1428.0)	(24.0, 1863.0)	(25.0, 2889.0)	(26.0, 4275.0)	(27.0, 6755.0)	(28.0, 10619.0)	(29.0, 15854.0)	(30.0, 24103.0)	(31.0, 36938.0)	(32.0, 54418.0)	(33.0, 78122.0)	(34.0, 112156.0)	(35.0, 213077.0)	(36.0, 200250.0)	(37.0, 101.0)
16s-F05_S93_L001_R1_001	(2.0, 193.0)	(3.0, 0.0)	(4.0, 0.0)	(5.0, 0.0)	(6.0, 0.0)	(7.0, 0.0)	(8.0, 0.0)	(9.0, 0.0)	(10.0, 0.0)	(11.0, 0.0)	(12.0, 0.0)	(13.0, 0.0)	(14.0, 1.0)	(15.0, 0.0)	(16.0, 1.0)	(17.0, 0.0)	(18.0, 0.0)	(19.0, 1.0)	(20.0, 6.0)	(21.0, 21.0)	(22.0, 60.0)	(23.0, 218.0)	(24.0, 631.0)	(25.0, 1630.0)	(26.0, 3612.0)	(27.0, 6686.0)	(28.0, 10625.0)	(29.0, 15618.0)	(30.0, 21788.0)	(31.0, 30236.0)	(32.0, 42675.0)	(33.0, 61976.0)	(34.0, 91129.0)	(35.0, 170759.0)	(36.0, 213137.0)	(37.0, 147.0)
16s-F05_S93_L001_R2_001	(2.0, 192.0)	(3.0, 0.0)	(4.0, 0.0)	(5.0, 0.0)	(6.0, 0.0)	(7.0, 0.0)	(8.0, 0.0)	(9.0, 0.0)	(10.0, 0.0)	(11.0, 0.0)	(12.0, 112.0)	(13.0, 281.0)	(14.0, 221.0)	(15.0, 181.0)	(16.0, 221.0)	(17.0, 293.0)	(18.0, 404.0)	(19.0, 455.0)	(20.0, 668.0)	(21.0, 930.0)	(22.0, 1227.0)	(23.0, 1824.0)	(24.0, 2867.0)	(25.0, 4723.0)	(26.0, 7207.0)	(27.0, 10496.0)	(28.0, 14446.0)	(29.0, 19888.0)	(30.0, 27350.0)	(31.0, 37900.0)	(32.0, 51127.0)	(33.0, 69202.0)	(34.0, 100917.0)	(35.0, 184379.0)	(36.0, 133573.0)	(37.0, 66.0)
16s-F06_S101_L001_R1_001	(2.0, 21.0)	(3.0, 0.0)	(4.0, 0.0)	(5.0, 0.0)	(6.0, 0.0)	(7.0, 0.0)	(8.0, 0.0)	(9.0, 0.0)	(10.0, 0.0)	(11.0, 0.0)	(12.0, 0.0)	(13.0, 0.0)	(14.0, 0.0)	(15.0, 0.0)	(16.0, 0.0)	(17.0, 0.0)	(18.0, 0.0)	(19.0, 4.0)	(20.0, 4.0)	(21.0, 47.0)	(22.0, 151.0)	(23.0, 599.0)	(24.0, 1906.0)	(25.0, 4353.0)	(26.0, 7932.0)	(27.0, 12700.0)	(28.0, 17474.0)	(29.0, 23937.0)	(30.0, 32486.0)	(31.0, 44914.0)	(32.0, 60708.0)	(33.0, 82809.0)	(34.0, 128242.0)	(35.0, 203110.0)	(36.0, 66570.0)	(37.0, 8.0)
16s-F06_S101_L001_R2_001	(2.0, 22.0)	(3.0, 0.0)	(4.0, 0.0)	(5.0, 0.0)	(6.0, 0.0)	(7.0, 0.0)	(8.0, 0.0)	(9.0, 0.0)	(10.0, 0.0)	(11.0, 0.0)	(12.0, 77.0)	(13.0, 316.0)	(14.0, 225.0)	(15.0, 204.0)	(16.0, 177.0)	(17.0, 251.0)	(18.0, 282.0)	(19.0, 407.0)	(20.0, 534.0)	(21.0, 839.0)	(22.0, 1022.0)	(23.0, 1127.0)	(24.0, 1418.0)	(25.0, 2145.0)	(26.0, 3254.0)	(27.0, 5138.0)	(28.0, 7768.0)	(29.0, 12080.0)	(30.0, 18880.0)	(31.0, 29943.0)	(32.0, 46734.0)	(33.0, 71047.0)	(34.0, 108398.0)	(35.0, 205269.0)	(36.0, 170339.0)	(37.0, 79.0)
16s-F07_S109_L001_R1_001	(2.0, 114.0)	(3.0, 0.0)	(4.0, 0.0)	(5.0, 0.0)	(6.0, 0.0)	(7.0, 0.0)	(8.0, 0.0)	(9.0, 0.0)	(10.0, 0.0)	(11.0, 0.0)	(12.0, 0.0)	(13.0, 0.0)	(14.0, 0.0)	(15.0, 1.0)	(16.0, 0.0)	(17.0, 2.0)	(18.0, 2.0)	(19.0, 5.0)	(20.0, 8.0)	(21.0, 36.0)	(22.0, 133.0)	(23.0, 414.0)	(24.0, 1198.0)	(25.0, 2800.0)	(26.0, 5505.0)	(27.0, 9009.0)	(28.0, 13244.0)	(29.0, 18468.0)	(30.0, 24402.0)	(31.0, 33042.0)	(32.0, 45071.0)	(33.0, 64852.0)	(34.0, 97514.0)	(35.0, 176421.0)	(36.0, 288410.0)	(37.0, 479.0)
16s-F07_S109_L001_R2_001	(2.0, 113.0)	(3.0, 0.0)	(4.0, 0.0)	(5.0, 0.0)	(6.0, 0.0)	(7.0, 0.0)	(8.0, 0.0)	(9.0, 0.0)	(10.0, 0.0)	(11.0, 0.0)	(12.0, 130.0)	(13.0, 339.0)	(14.0, 275.0)	(15.0, 246.0)	(16.0, 239.0)	(17.0, 363.0)	(18.0, 456.0)	(19.0, 543.0)	(20.0, 860.0)	(21.0, 1209.0)	(22.0, 1741.0)	(23.0, 2390.0)	(24.0, 3842.0)	(25.0, 6137.0)	(26.0, 8701.0)	(27.0, 12318.0)	(28.0, 17068.0)	(29.0, 23027.0)	(30.0, 31035.0)	(31.0, 43015.0)	(32.0, 58321.0)	(33.0, 79521.0)	(34.0, 113975.0)	(35.0, 214529.0)	(36.0, 160650.0)	(37.0, 87.0)
16s-F08_S117_L001_R1_001	(2.0, 324.0)	(3.0, 0.0)	(4.0, 0.0)	(5.0, 0.0)	(6.0, 0.0)	(7.0, 0.0)	(8.0, 0.0)	(9.0, 0.0)	(10.0, 0.0)	(11.0, 0.0)	(12.0, 0.0)	(13.0, 0.0)	(14.0, 0.0)	(15.0, 0.0)	(16.0, 1.0)	(17.0, 1.0)	(18.0, 2.0)	(19.0, 6.0)	(20.0, 12.0)	(21.0, 21.0)	(22.0, 71.0)	(23.0, 186.0)	(24.0, 401.0)	(25.0, 929.0)	(26.0, 2145.0)	(27.0, 4488.0)	(28.0, 7786.0)	(29.0, 13219.0)	(30.0, 19649.0)	(31.0, 28996.0)	(32.0, 42379.0)	(33.0, 66284.0)	(34.0, 104018.0)	(35.0, 207334.0)	(36.0, 291525.0)	(37.0, 258.0)
16s-F08_S117_L001_R2_001	(2.0, 321.0)	(3.0, 0.0)	(4.0, 0.0)	(5.0, 0.0)	(6.0, 0.0)	(7.0, 0.0)	(8.0, 0.0)	(9.0, 0.0)	(10.0, 0.0)	(11.0, 0.0)	(12.0, 47.0)	(13.0, 234.0)	(14.0, 259.0)	(15.0, 201.0)	(16.0, 211.0)	(17.0, 308.0)	(18.0, 367.0)	(19.0, 446.0)	(20.0, 679.0)	(21.0, 929.0)	(22.0, 1371.0)	(23.0, 1767.0)	(24.0, 2958.0)	(25.0, 4688.0)	(26.0, 7018.0)	(27.0, 10249.0)	(28.0, 14269.0)	(29.0, 19762.0)	(30.0, 27130.0)	(31.0, 38201.0)	(32.0, 53135.0)	(33.0, 74090.0)	(34.0, 107004.0)	(35.0, 212658.0)	(36.0, 211617.0)	(37.0, 116.0)
16s-F09_S125_L001_R1_001	(2.0, 94.0)	(3.0, 0.0)	(4.0, 0.0)	(5.0, 0.0)	(6.0, 0.0)	(7.0, 0.0)	(8.0, 0.0)	(9.0, 0.0)	(10.0, 0.0)	(11.0, 0.0)	(12.0, 0.0)	(13.0, 0.0)	(14.0, 0.0)	(15.0, 0.0)	(16.0, 0.0)	(17.0, 1.0)	(18.0, 4.0)	(19.0, 0.0)	(20.0, 4.0)	(21.0, 22.0)	(22.0, 70.0)	(23.0, 202.0)	(24.0, 499.0)	(25.0, 1329.0)	(26.0, 2985.0)	(27.0, 5826.0)	(28.0, 9813.0)	(29.0, 14959.0)	(30.0, 20721.0)	(31.0, 29348.0)	(32.0, 41546.0)	(33.0, 63455.0)	(34.0, 94120.0)	(35.0, 185512.0)	(36.0, 214703.0)	(37.0, 118.0)
16s-F09_S125_L001_R2_001	(2.0, 91.0)	(3.0, 0.0)	(4.0, 0.0)	(5.0, 0.0)	(6.0, 0.0)	(7.0, 0.0)	(8.0, 0.0)	(9.0, 0.0)	(10.0, 0.0)	(11.0, 0.0)	(12.0, 85.0)	(13.0, 274.0)	(14.0, 253.0)	(15.0, 178.0)	(16.0, 186.0)	(17.0, 281.0)	(18.0, 322.0)	(19.0, 425.0)	(20.0, 619.0)	(21.0, 977.0)	(22.0, 1238.0)	(23.0, 1715.0)	(24.0, 2786.0)	(25.0, 4362.0)	(26.0, 6821.0)	(27.0, 9503.0)	(28.0, 13690.0)	(29.0, 18529.0)	(30.0, 25982.0)	(31.0, 37105.0)	(32.0, 51559.0)	(33.0, 70910.0)	(34.0, 99490.0)	(35.0, 180321.0)	(36.0, 157550.0)	(37.0, 79.0)
16s-F10_S133_L001_R1_001	(2.0, 139.0)	(3.0, 0.0)	(4.0, 0.0)	(5.0, 0.0)	(6.0, 0.0)	(7.0, 0.0)	(8.0, 0.0)	(9.0, 0.0)	(10.0, 0.0)	(11.0, 0.0)	(12.0, 0.0)	(13.0, 0.0)	(14.0, 0.0)	(15.0, 0.0)	(16.0, 1.0)	(17.0, 0.0)	(18.0, 1.0)	(19.0, 5.0)	(20.0, 10.0)	(21.0, 51.0)	(22.0, 117.0)	(23.0, 355.0)	(24.0, 963.0)	(25.0, 2272.0)	(26.0, 4807.0)	(27.0, 8275.0)	(28.0, 12828.0)	(29.0, 18157.0)	(30.0, 24953.0)	(31.0, 34221.0)	(32.0, 47351.0)	(33.0, 70118.0)	(34.0, 106724.0)	(35.0, 197729.0)	(36.0, 310904.0)	(37.0, 430.0)
16s-F10_S133_L001_R2_001	(2.0, 141.0)	(3.0, 0.0)	(4.0, 0.0)	(5.0, 0.0)	(6.0, 0.0)	(7.0, 0.0)	(8.0, 0.0)	(9.0, 0.0)	(10.0, 0.0)	(11.0, 1.0)	(12.0, 128.0)	(13.0, 414.0)	(14.0, 338.0)	(15.0, 221.0)	(16.0, 270.0)	(17.0, 369.0)	(18.0, 482.0)	(19.0, 592.0)	(20.0, 822.0)	(21.0, 1235.0)	(22.0, 1568.0)	(23.0, 2366.0)	(24.0, 3482.0)	(25.0, 5596.0)	(26.0, 8461.0)	(27.0, 12320.0)	(28.0, 16775.0)	(29.0, 23418.0)	(30.0, 31838.0)	(31.0, 43972.0)	(32.0, 60832.0)	(33.0, 83965.0)	(34.0, 117863.0)	(35.0, 224501.0)	(36.0, 198355.0)	(37.0, 86.0)
16s-F11_S141_L001_R1_001	(2.0, 255.0)	(3.0, 0.0)	(4.0, 0.0)	(5.0, 0.0)	(6.0, 0.0)	(7.0, 0.0)	(8.0, 0.0)	(9.0, 0.0)	(10.0, 0.0)	(11.0, 0.0)	(12.0, 0.0)	(13.0, 0.0)	(14.0, 0.0)	(15.0, 0.0)	(16.0, 0.0)	(17.0, 3.0)	(18.0, 2.0)	(19.0, 2.0)	(20.0, 5.0)	(21.0, 23.0)	(22.0, 58.0)	(23.0, 192.0)	(24.0, 619.0)	(25.0, 1560.0)	(26.0, 3623.0)	(27.0, 6755.0)	(28.0, 10931.0)	(29.0, 16054.0)	(30.0, 22003.0)	(31.0, 29921.0)	(32.0, 39351.0)	(33.0, 55437.0)	(34.0, 83687.0)	(35.0, 146695.0)	(36.0, 312448.0)	(37.0, 1393.0)
16s-F11_S141_L001_R2_001	(2.0, 245.0)	(3.0, 0.0)	(4.0, 0.0)	(5.0, 0.0)	(6.0, 0.0)	(7.0, 0.0)	(8.0, 0.0)	(9.0, 0.0)	(10.0, 0.0)	(11.0, 1.0)	(12.0, 96.0)	(13.0, 320.0)	(14.0, 277.0)	(15.0, 212.0)	(16.0, 279.0)	(17.0, 401.0)	(18.0, 483.0)	(19.0, 608.0)	(20.0, 750.0)	(21.0, 1152.0)	(22.0, 1740.0)	(23.0, 2799.0)	(24.0, 4836.0)	(25.0, 7669.0)	(26.0, 10746.0)	(27.0, 14530.0)	(28.0, 18853.0)	(29.0, 24386.0)	(30.0, 31209.0)	(31.0, 41454.0)	(32.0, 54980.0)	(33.0, 73963.0)	(34.0, 107635.0)	(35.0, 194108.0)	(36.0, 137121.0)	(37.0, 164.0)
16s-F12_S149_L001_R1_001	(2.0, 59.0)	(3.0, 0.0)	(4.0, 0.0)	(5.0, 0.0)	(6.0, 0.0)	(7.0, 0.0)	(8.0, 0.0)	(9.0, 0.0)	(10.0, 0.0)	(11.0, 0.0)	(12.0, 0.0)	(13.0, 1.0)	(14.0, 0.0)	(15.0, 0.0)	(16.0, 0.0)	(17.0, 0.0)	(18.0, 1.0)	(19.0, 3.0)	(20.0, 3.0)	(21.0, 20.0)	(22.0, 93.0)	(23.0, 339.0)	(24.0, 943.0)	(25.0, 2430.0)	(26.0, 5076.0)	(27.0, 8716.0)	(28.0, 13069.0)	(29.0, 18625.0)	(30.0, 25037.0)	(31.0, 34429.0)	(32.0, 46437.0)	(33.0, 63791.0)	(34.0, 92523.0)	(35.0, 170100.0)	(36.0, 120464.0)	(37.0, 58.0)
16s-F12_S149_L001_R2_001	(2.0, 59.0)	(3.0, 0.0)	(4.0, 0.0)	(5.0, 0.0)	(6.0, 0.0)	(7.0, 0.0)	(8.0, 0.0)	(9.0, 0.0)	(10.0, 0.0)	(11.0, 1.0)	(12.0, 68.0)	(13.0, 251.0)	(14.0, 186.0)	(15.0, 145.0)	(16.0, 188.0)	(17.0, 233.0)	(18.0, 294.0)	(19.0, 331.0)	(20.0, 492.0)	(21.0, 718.0)	(22.0, 934.0)	(23.0, 1109.0)	(24.0, 1515.0)	(25.0, 2464.0)	(26.0, 3873.0)	(27.0, 5781.0)	(28.0, 8388.0)	(29.0, 12486.0)	(30.0, 18368.0)	(31.0, 28028.0)	(32.0, 40745.0)	(33.0, 60294.0)	(34.0, 94295.0)	(35.0, 183867.0)	(36.0, 136997.0)	(37.0, 107.0)
16s-G01_S62_L001_R1_001	(2.0, 108.0)	(3.0, 0.0)	(4.0, 0.0)	(5.0, 0.0)	(6.0, 0.0)	(7.0, 0.0)	(8.0, 0.0)	(9.0, 0.0)	(10.0, 0.0)	(11.0, 0.0)	(12.0, 0.0)	(13.0, 0.0)	(14.0, 0.0)	(15.0, 0.0)	(16.0, 0.0)	(17.0, 0.0)	(18.0, 0.0)	(19.0, 1.0)	(20.0, 11.0)	(21.0, 21.0)	(22.0, 49.0)	(23.0, 211.0)	(24.0, 557.0)	(25.0, 1459.0)	(26.0, 3135.0)	(27.0, 5873.0)	(28.0, 9370.0)	(29.0, 13636.0)	(30.0, 18962.0)	(31.0, 26632.0)	(32.0, 37677.0)	(33.0, 55342.0)	(34.0, 82323.0)	(35.0, 164863.0)	(36.0, 171866.0)	(37.0, 56.0)
16s-G01_S62_L001_R2_001	(2.0, 107.0)	(3.0, 0.0)	(4.0, 0.0)	(5.0, 0.0)	(6.0, 0.0)	(7.0, 0.0)	(8.0, 0.0)	(9.0, 0.0)	(10.0, 0.0)	(11.0, 0.0)	(12.0, 61.0)	(13.0, 222.0)	(14.0, 203.0)	(15.0, 166.0)	(16.0, 148.0)	(17.0, 236.0)	(18.0, 335.0)	(19.0, 363.0)	(20.0, 551.0)	(21.0, 779.0)	(22.0, 1027.0)	(23.0, 1354.0)	(24.0, 2097.0)	(25.0, 3454.0)	(26.0, 5327.0)	(27.0, 7782.0)	(28.0, 11193.0)	(29.0, 15738.0)	(30.0, 22294.0)	(31.0, 31794.0)	(32.0, 44569.0)	(33.0, 61055.0)	(34.0, 87835.0)	(35.0, 161751.0)	(36.0, 131654.0)	(37.0, 57.0)
16s-G02_S70_L001_R1_001	(2.0, 136.0)	(3.0, 0.0)	(4.0, 0.0)	(5.0, 0.0)	(6.0, 0.0)	(7.0, 0.0)	(8.0, 0.0)	(9.0, 0.0)	(10.0, 0.0)	(11.0, 0.0)	(12.0, 0.0)	(13.0, 0.0)	(14.0, 0.0)	(15.0, 0.0)	(16.0, 0.0)	(17.0, 0.0)	(18.0, 1.0)	(19.0, 1.0)	(20.0, 4.0)	(21.0, 21.0)	(22.0, 69.0)	(23.0, 176.0)	(24.0, 468.0)	(25.0, 1201.0)	(26.0, 2852.0)	(27.0, 5856.0)	(28.0, 9976.0)	(29.0, 15419.0)	(30.0, 22553.0)	(31.0, 31920.0)	(32.0, 45225.0)	(33.0, 68614.0)	(34.0, 103536.0)	(35.0, 198319.0)	(36.0, 281882.0)	(37.0, 243.0)
16s-G02_S70_L001_R2_001	(2.0, 132.0)	(3.0, 0.0)	(4.0, 0.0)	(5.0, 0.0)	(6.0, 0.0)	(7.0, 0.0)	(8.0, 0.0)	(9.0, 0.0)	(10.0, 0.0)	(11.0, 0.0)	(12.0, 90.0)	(13.0, 320.0)	(14.0, 287.0)	(15.0, 225.0)	(16.0, 261.0)	(17.0, 323.0)	(18.0, 415.0)	(19.0, 474.0)	(20.0, 738.0)	(21.0, 1118.0)	(22.0, 1467.0)	(23.0, 2103.0)	(24.0, 3433.0)	(25.0, 5659.0)	(26.0, 8434.0)	(27.0, 11762.0)	(28.0, 16326.0)	(29.0, 22258.0)	(30.0, 30426.0)	(31.0, 42945.0)	(32.0, 58863.0)	(33.0, 81311.0)	(34.0, 116480.0)	(35.0, 218207.0)	(36.0, 164182.0)	(37.0, 233.0)
16s-G03_S78_L001_R1_001	(2.0, 314.0)	(3.0, 0.0)	(4.0, 0.0)	(5.0, 0.0)	(6.0, 0.0)	(7.0, 0.0)	(8.0, 0.0)	(9.0, 0.0)	(10.0, 0.0)	(11.0, 0.0)	(12.0, 0.0)	(13.0, 0.0)	(14.0, 0.0)	(15.0, 0.0)	(16.0, 0.0)	(17.0, 0.0)	(18.0, 0.0)	(19.0, 3.0)	(20.0, 7.0)	(21.0, 25.0)	(22.0, 89.0)	(23.0, 270.0)	(24.0, 695.0)	(25.0, 1733.0)	(26.0, 3700.0)	(27.0, 7030.0)	(28.0, 11506.0)	(29.0, 17535.0)	(30.0, 24821.0)	(31.0, 34389.0)	(32.0, 48352.0)	(33.0, 72754.0)	(34.0, 109965.0)	(35.0, 210109.0)	(36.0, 281884.0)	(37.0, 193.0)
16s-G03_S78_L001_R2_001	(2.0, 309.0)	(3.0, 0.0)	(4.0, 0.0)	(5.0, 0.0)	(6.0, 0.0)	(7.0, 0.0)	(8.0, 0.0)	(9.0, 0.0)	(10.0, 0.0)	(11.0, 0.0)	(12.0, 88.0)	(13.0, 288.0)	(14.0, 315.0)	(15.0, 274.0)	(16.0, 247.0)	(17.0, 380.0)	(18.0, 475.0)	(19.0, 647.0)	(20.0, 840.0)	(21.0, 1250.0)	(22.0, 1656.0)	(23.0, 2491.0)	(24.0, 3936.0)	(25.0, 6200.0)	(26.0, 8991.0)	(27.0, 12625.0)	(28.0, 17614.0)	(29.0, 24172.0)	(30.0, 32937.0)	(31.0, 44930.0)	(32.0, 61250.0)	(33.0, 81534.0)	(34.0, 115741.0)	(35.0, 220661.0)	(36.0, 185421.0)	(37.0, 102.0)
16s-G04_S86_L001_R1_001	(2.0, 95.0)	(3.0, 0.0)	(4.0, 0.0)	(5.0, 0.0)	(6.0, 0.0)	(7.0, 0.0)	(8.0, 0.0)	(9.0, 0.0)	(10.0, 0.0)	(11.0, 0.0)	(12.0, 0.0)	(13.0, 0.0)	(14.0, 0.0)	(15.0, 0.0)	(16.0, 0.0)	(17.0, 0.0)	(18.0, 0.0)	(19.0, 0.0)	(20.0, 14.0)	(21.0, 31.0)	(22.0, 113.0)	(23.0, 342.0)	(24.0, 1050.0)	(25.0, 2545.0)	(26.0, 5269.0)	(27.0, 9222.0)	(28.0, 13067.0)	(29.0, 17912.0)	(30.0, 23894.0)	(31.0, 31634.0)	(32.0, 43579.0)	(33.0, 62415.0)	(34.0, 90742.0)	(35.0, 177810.0)	(36.0, 179945.0)	(37.0, 64.0)
16s-G04_S86_L001_R2_001	(2.0, 94.0)	(3.0, 0.0)	(4.0, 0.0)	(5.0, 0.0)	(6.0, 0.0)	(7.0, 0.0)	(8.0, 0.0)	(9.0, 0.0)	(10.0, 0.0)	(11.0, 1.0)	(12.0, 80.0)	(13.0, 294.0)	(14.0, 269.0)	(15.0, 206.0)	(16.0, 237.0)	(17.0, 271.0)	(18.0, 338.0)	(19.0, 462.0)	(20.0, 623.0)	(21.0, 891.0)	(22.0, 1208.0)	(23.0, 1597.0)	(24.0, 2427.0)	(25.0, 3824.0)	(26.0, 5818.0)	(27.0, 8698.0)	(28.0, 12784.0)	(29.0, 17890.0)	(30.0, 25304.0)	(31.0, 35911.0)	(32.0, 49997.0)	(33.0, 66633.0)	(34.0, 93741.0)	(35.0, 176438.0)	(36.0, 153635.0)	(37.0, 72.0)
16s-G05_S94_L001_R1_001	(2.0, 165.0)	(3.0, 0.0)	(4.0, 0.0)	(5.0, 0.0)	(6.0, 0.0)	(7.0, 0.0)	(8.0, 0.0)	(9.0, 0.0)	(10.0, 0.0)	(11.0, 0.0)	(12.0, 0.0)	(13.0, 0.0)	(14.0, 0.0)	(15.0, 0.0)	(16.0, 0.0)	(17.0, 0.0)	(18.0, 0.0)	(19.0, 0.0)	(20.0, 11.0)	(21.0, 23.0)	(22.0, 71.0)	(23.0, 237.0)	(24.0, 647.0)	(25.0, 1914.0)	(26.0, 4049.0)	(27.0, 7392.0)	(28.0, 11998.0)	(29.0, 17586.0)	(30.0, 24268.0)	(31.0, 33974.0)	(32.0, 47338.0)	(33.0, 70735.0)	(34.0, 105836.0)	(35.0, 200604.0)	(36.0, 305991.0)	(37.0, 278.0)
16s-G05_S94_L001_R2_001	(2.0, 164.0)	(3.0, 0.0)	(4.0, 0.0)	(5.0, 0.0)	(6.0, 0.0)	(7.0, 0.0)	(8.0, 0.0)	(9.0, 0.0)	(10.0, 0.0)	(11.0, 1.0)	(12.0, 105.0)	(13.0, 360.0)	(14.0, 278.0)	(15.0, 256.0)	(16.0, 282.0)	(17.0, 362.0)	(18.0, 434.0)	(19.0, 517.0)	(20.0, 787.0)	(21.0, 1199.0)	(22.0, 1511.0)	(23.0, 2126.0)	(24.0, 3555.0)	(25.0, 6004.0)	(26.0, 8880.0)	(27.0, 12583.0)	(28.0, 17300.0)	(29.0, 23666.0)	(30.0, 32785.0)	(31.0, 44794.0)	(32.0, 60008.0)	(33.0, 82280.0)	(34.0, 120297.0)	(35.0, 230489.0)	(36.0, 181991.0)	(37.0, 103.0)
16s-G06_S102_L001_R1_001	(2.0, 20.0)	(3.0, 0.0)	(4.0, 0.0)	(5.0, 0.0)	(6.0, 0.0)	(7.0, 0.0)	(8.0, 0.0)	(9.0, 0.0)	(10.0, 0.0)	(11.0, 0.0)	(12.0, 0.0)	(13.0, 0.0)	(14.0, 0.0)	(15.0, 1.0)	(16.0, 1.0)	(17.0, 0.0)	(18.0, 2.0)	(19.0, 3.0)	(20.0, 7.0)	(21.0, 28.0)	(22.0, 121.0)	(23.0, 395.0)	(24.0, 1245.0)	(25.0, 2961.0)	(26.0, 6229.0)	(27.0, 10989.0)	(28.0, 16599.0)	(29.0, 23469.0)	(30.0, 32794.0)	(31.0, 45385.0)	(32.0, 62099.0)	(33.0, 84055.0)	(34.0, 126313.0)	(35.0, 221813.0)	(36.0, 93431.0)	(37.0, 7.0)
16s-G06_S102_L001_R2_001	(2.0, 20.0)	(3.0, 0.0)	(4.0, 0.0)	(5.0, 0.0)	(6.0, 0.0)	(7.0, 0.0)	(8.0, 0.0)	(9.0, 0.0)	(10.0, 0.0)	(11.0, 2.0)	(12.0, 107.0)	(13.0, 349.0)	(14.0, 294.0)	(15.0, 225.0)	(16.0, 257.0)	(17.0, 329.0)	(18.0, 386.0)	(19.0, 503.0)	(20.0, 661.0)	(21.0, 942.0)	(22.0, 1093.0)	(23.0, 1182.0)	(24.0, 1739.0)	(25.0, 2841.0)	(26.0, 4502.0)	(27.0, 6872.0)	(28.0, 10154.0)	(29.0, 15649.0)	(30.0, 24002.0)	(31.0, 37677.0)	(32.0, 56371.0)	(33.0, 83135.0)	(34.0, 125673.0)	(35.0, 222652.0)	(36.0, 130312.0)	(37.0, 38.0)
16s-G07_S110_L001_R1_001	(2.0, 73.0)	(3.0, 0.0)	(4.0, 0.0)	(5.0, 0.0)	(6.0, 0.0)	(7.0, 0.0)	(8.0, 0.0)	(9.0, 0.0)	(10.0, 0.0)	(11.0, 0.0)	(12.0, 0.0)	(13.0, 0.0)	(14.0, 0.0)	(15.0, 0.0)	(16.0, 0.0)	(17.0, 1.0)	(18.0, 0.0)	(19.0, 1.0)	(20.0, 4.0)	(21.0, 14.0)	(22.0, 48.0)	(23.0, 193.0)	(24.0, 540.0)	(25.0, 1306.0)	(26.0, 2865.0)	(27.0, 5730.0)	(28.0, 9611.0)	(29.0, 14361.0)	(30.0, 19927.0)	(31.0, 27157.0)	(32.0, 37773.0)	(33.0, 54269.0)	(34.0, 80886.0)	(35.0, 151970.0)	(36.0, 226808.0)	(37.0, 226.0)
16s-G07_S110_L001_R2_001	(2.0, 73.0)	(3.0, 0.0)	(4.0, 0.0)	(5.0, 0.0)	(6.0, 0.0)	(7.0, 0.0)	(8.0, 0.0)	(9.0, 0.0)	(10.0, 0.0)	(11.0, 1.0)	(12.0, 106.0)	(13.0, 302.0)	(14.0, 219.0)	(15.0, 174.0)	(16.0, 212.0)	(17.0, 326.0)	(18.0, 391.0)	(19.0, 484.0)	(20.0, 641.0)	(21.0, 902.0)	(22.0, 1187.0)	(23.0, 1727.0)	(24.0, 2917.0)	(25.0, 4862.0)	(26.0, 7267.0)	(27.0, 10375.0)	(28.0, 14404.0)	(29.0, 19806.0)	(30.0, 26268.0)	(31.0, 36072.0)	(32.0, 48624.0)	(33.0, 65475.0)	(34.0, 96773.0)	(35.0, 176884.0)	(36.0, 117215.0)	(37.0, 76.0)
16s-G08_S118_L001_R1_001	(2.0, 359.0)	(3.0, 0.0)	(4.0, 0.0)	(5.0, 0.0)	(6.0, 0.0)	(7.0, 0.0)	(8.0, 0.0)	(9.0, 0.0)	(10.0, 0.0)	(11.0, 0.0)	(12.0, 0.0)	(13.0, 0.0)	(14.0, 0.0)	(15.0, 1.0)	(16.0, 0.0)	(17.0, 0.0)	(18.0, 0.0)	(19.0, 1.0)	(20.0, 9.0)	(21.0, 21.0)	(22.0, 79.0)	(23.0, 189.0)	(24.0, 456.0)	(25.0, 1230.0)	(26.0, 2772.0)	(27.0, 5759.0)	(28.0, 10107.0)	(29.0, 15986.0)	(30.0, 23500.0)	(31.0, 33851.0)	(32.0, 48194.0)	(33.0, 72672.0)	(34.0, 110504.0)	(35.0, 205990.0)	(36.0, 220416.0)	(37.0, 224.0)
16s-G08_S118_L001_R2_001	(2.0, 356.0)	(3.0, 0.0)	(4.0, 0.0)	(5.0, 0.0)	(6.0, 0.0)	(7.0, 0.0)	(8.0, 0.0)	(9.0, 0.0)	(10.0, 0.0)	(11.0, 0.0)	(12.0, 47.0)	(13.0, 206.0)	(14.0, 272.0)	(15.0, 249.0)	(16.0, 219.0)	(17.0, 367.0)	(18.0, 511.0)	(19.0, 606.0)	(20.0, 828.0)	(21.0, 1113.0)	(22.0, 1475.0)	(23.0, 2334.0)	(24.0, 3722.0)	(25.0, 6053.0)	(26.0, 9107.0)	(27.0, 13163.0)	(28.0, 18048.0)	(29.0, 25212.0)	(30.0, 34110.0)	(31.0, 47315.0)	(32.0, 62473.0)	(33.0, 82736.0)	(34.0, 115068.0)	(35.0, 194791.0)	(36.0, 131850.0)	(37.0, 89.0)
16s-G09_S126_L001_R1_001	(2.0, 210.0)	(3.0, 0.0)	(4.0, 0.0)	(5.0, 0.0)	(6.0, 0.0)	(7.0, 0.0)	(8.0, 0.0)	(9.0, 0.0)	(10.0, 0.0)	(11.0, 0.0)	(12.0, 0.0)	(13.0, 0.0)	(14.0, 0.0)	(15.0, 2.0)	(16.0, 0.0)	(17.0, 0.0)	(18.0, 1.0)	(19.0, 1.0)	(20.0, 6.0)	(21.0, 30.0)	(22.0, 109.0)	(23.0, 357.0)	(24.0, 1013.0)	(25.0, 2421.0)	(26.0, 4887.0)	(27.0, 8517.0)	(28.0, 13210.0)	(29.0, 19142.0)	(30.0, 27380.0)	(31.0, 38883.0)	(32.0, 56856.0)	(33.0, 85842.0)	(34.0, 128692.0)	(35.0, 257317.0)	(36.0, 228303.0)	(37.0, 90.0)
16s-G09_S126_L001_R2_001	(2.0, 208.0)	(3.0, 0.0)	(4.0, 0.0)	(5.0, 0.0)	(6.0, 0.0)	(7.0, 0.0)	(8.0, 0.0)	(9.0, 0.0)	(10.0, 0.0)	(11.0, 0.0)	(12.0, 83.0)	(13.0, 360.0)	(14.0, 388.0)	(15.0, 245.0)	(16.0, 278.0)	(17.0, 437.0)	(18.0, 527.0)	(19.0, 704.0)	(20.0, 954.0)	(21.0, 1334.0)	(22.0, 1689.0)	(23.0, 2499.0)	(24.0, 3865.0)	(25.0, 6086.0)	(26.0, 9239.0)	(27.0, 13343.0)	(28.0, 18325.0)	(29.0, 26340.0)	(30.0, 37090.0)	(31.0, 52593.0)	(32.0, 73360.0)	(33.0, 99827.0)	(34.0, 142846.0)	(35.0, 240038.0)	(36.0, 140516.0)	(37.0, 95.0)
16s-G10_S134_L001_R1_001	(2.0, 123.0)	(3.0, 0.0)	(4.0, 0.0)	(5.0, 0.0)	(6.0, 0.0)	(7.0, 0.0)	(8.0, 0.0)	(9.0, 0.0)	(10.0, 0.0)	(11.0, 0.0)	(12.0, 0.0)	(13.0, 0.0)	(14.0, 0.0)	(15.0, 0.0)	(16.0, 0.0)	(17.0, 0.0)	(18.0, 0.0)	(19.0, 1.0)	(20.0, 8.0)	(21.0, 35.0)	(22.0, 128.0)	(23.0, 476.0)	(24.0, 1368.0)	(25.0, 3332.0)	(26.0, 6592.0)	(27.0, 11447.0)	(28.0, 17238.0)	(29.0, 24449.0)	(30.0, 33952.0)	(31.0, 48282.0)	(32.0, 67102.0)	(33.0, 93528.0)	(34.0, 135856.0)	(35.0, 236160.0)	(36.0, 136367.0)	(37.0, 29.0)
16s-G10_S134_L001_R2_001	(2.0, 123.0)	(3.0, 0.0)	(4.0, 0.0)	(5.0, 0.0)	(6.0, 0.0)	(7.0, 0.0)	(8.0, 0.0)	(9.0, 0.0)	(10.0, 0.0)	(11.0, 1.0)	(12.0, 85.0)	(13.0, 337.0)	(14.0, 285.0)	(15.0, 233.0)	(16.0, 309.0)	(17.0, 288.0)	(18.0, 369.0)	(19.0, 463.0)	(20.0, 686.0)	(21.0, 1084.0)	(22.0, 1173.0)	(23.0, 1319.0)	(24.0, 1752.0)	(25.0, 2641.0)	(26.0, 4220.0)	(27.0, 6712.0)	(28.0, 10436.0)	(29.0, 16478.0)	(30.0, 24898.0)	(31.0, 38970.0)	(32.0, 58650.0)	(33.0, 85067.0)	(34.0, 129721.0)	(35.0, 243937.0)	(36.0, 186157.0)	(37.0, 79.0)
16s-G11_S142_L001_R1_001	(2.0, 224.0)	(3.0, 0.0)	(4.0, 0.0)	(5.0, 0.0)	(6.0, 0.0)	(7.0, 0.0)	(8.0, 0.0)	(9.0, 0.0)	(10.0, 0.0)	(11.0, 0.0)	(12.0, 0.0)	(13.0, 0.0)	(14.0, 0.0)	(15.0, 0.0)	(16.0, 1.0)	(17.0, 0.0)	(18.0, 0.0)	(19.0, 4.0)	(20.0, 7.0)	(21.0, 33.0)	(22.0, 176.0)	(23.0, 598.0)	(24.0, 1878.0)	(25.0, 4191.0)	(26.0, 7612.0)	(27.0, 11507.0)	(28.0, 15459.0)	(29.0, 20777.0)	(30.0, 26799.0)	(31.0, 36137.0)	(32.0, 48602.0)	(33.0, 66289.0)	(34.0, 94963.0)	(35.0, 176268.0)	(36.0, 134750.0)	(37.0, 75.0)
16s-G11_S142_L001_R2_001	(2.0, 226.0)	(3.0, 0.0)	(4.0, 0.0)	(5.0, 0.0)	(6.0, 0.0)	(7.0, 0.0)	(8.0, 0.0)	(9.0, 0.0)	(10.0, 0.0)	(11.0, 1.0)	(12.0, 98.0)	(13.0, 321.0)	(14.0, 248.0)	(15.0, 176.0)	(16.0, 176.0)	(17.0, 270.0)	(18.0, 314.0)	(19.0, 392.0)	(20.0, 584.0)	(21.0, 889.0)	(22.0, 1195.0)	(23.0, 1390.0)	(24.0, 1947.0)	(25.0, 3037.0)	(26.0, 4438.0)	(27.0, 6866.0)	(28.0, 9579.0)	(29.0, 14263.0)	(30.0, 20749.0)	(31.0, 30993.0)	(32.0, 45337.0)	(33.0, 65810.0)	(34.0, 100570.0)	(35.0, 193665.0)	(36.0, 142701.0)	(37.0, 115.0)
16s-G12_S150_L001_R1_001	(2.0, 107.0)	(3.0, 0.0)	(4.0, 0.0)	(5.0, 0.0)	(6.0, 0.0)	(7.0, 0.0)	(8.0, 0.0)	(9.0, 0.0)	(10.0, 0.0)	(11.0, 0.0)	(12.0, 0.0)	(13.0, 0.0)	(14.0, 0.0)	(15.0, 1.0)	(16.0, 0.0)	(17.0, 1.0)	(18.0, 2.0)	(19.0, 9.0)	(20.0, 11.0)	(21.0, 38.0)	(22.0, 96.0)	(23.0, 330.0)	(24.0, 890.0)	(25.0, 2274.0)	(26.0, 4882.0)	(27.0, 8659.0)	(28.0, 13271.0)	(29.0, 18533.0)	(30.0, 24378.0)	(31.0, 32984.0)	(32.0, 43582.0)	(33.0, 62142.0)	(34.0, 91465.0)	(35.0, 161318.0)	(36.0, 298534.0)	(37.0, 693.0)
16s-G12_S150_L001_R2_001	(2.0, 108.0)	(3.0, 0.0)	(4.0, 0.0)	(5.0, 0.0)	(6.0, 0.0)	(7.0, 0.0)	(8.0, 0.0)	(9.0, 0.0)	(10.0, 0.0)	(11.0, 0.0)	(12.0, 124.0)	(13.0, 395.0)	(14.0, 319.0)	(15.0, 228.0)	(16.0, 225.0)	(17.0, 387.0)	(18.0, 448.0)	(19.0, 571.0)	(20.0, 773.0)	(21.0, 1128.0)	(22.0, 1539.0)	(23.0, 2209.0)	(24.0, 3475.0)	(25.0, 5494.0)	(26.0, 8242.0)	(27.0, 11738.0)	(28.0, 15620.0)	(29.0, 21354.0)	(30.0, 28680.0)	(31.0, 39343.0)	(32.0, 53953.0)	(33.0, 75127.0)	(34.0, 110456.0)	(35.0, 209578.0)	(36.0, 172576.0)	(37.0, 110.0)
16s-H01_S63_L001_R1_001	(2.0, 50.0)	(3.0, 0.0)	(4.0, 0.0)	(5.0, 0.0)	(6.0, 0.0)	(7.0, 0.0)	(8.0, 0.0)	(9.0, 0.0)	(10.0, 0.0)	(11.0, 0.0)	(12.0, 0.0)	(13.0, 0.0)	(14.0, 0.0)	(15.0, 3.0)	(16.0, 1.0)	(17.0, 1.0)	(18.0, 3.0)	(19.0, 3.0)	(20.0, 8.0)	(21.0, 37.0)	(22.0, 185.0)	(23.0, 696.0)	(24.0, 1983.0)	(25.0, 4747.0)	(26.0, 8633.0)	(27.0, 13449.0)	(28.0, 18493.0)	(29.0, 24855.0)	(30.0, 33366.0)	(31.0, 45610.0)	(32.0, 59572.0)	(33.0, 81285.0)	(34.0, 126581.0)	(35.0, 168762.0)	(36.0, 42592.0)	(37.0, 2.0)
16s-H01_S63_L001_R2_001	(2.0, 50.0)	(3.0, 0.0)	(4.0, 0.0)	(5.0, 0.0)	(6.0, 0.0)	(7.0, 0.0)	(8.0, 0.0)	(9.0, 0.0)	(10.0, 0.0)	(11.0, 0.0)	(12.0, 64.0)	(13.0, 270.0)	(14.0, 280.0)	(15.0, 215.0)	(16.0, 208.0)	(17.0, 226.0)	(18.0, 310.0)	(19.0, 417.0)	(20.0, 571.0)	(21.0, 794.0)	(22.0, 883.0)	(23.0, 1055.0)	(24.0, 1433.0)	(25.0, 2153.0)	(26.0, 3353.0)	(27.0, 5309.0)	(28.0, 8266.0)	(29.0, 12915.0)	(30.0, 20344.0)	(31.0, 31575.0)	(32.0, 47740.0)	(33.0, 68979.0)	(34.0, 104006.0)	(35.0, 190062.0)	(36.0, 129384.0)	(37.0, 55.0)
16s-H02_S71_L001_R1_001	(2.0, 93.0)	(3.0, 0.0)	(4.0, 0.0)	(5.0, 0.0)	(6.0, 0.0)	(7.0, 0.0)	(8.0, 0.0)	(9.0, 0.0)	(10.0, 0.0)	(11.0, 0.0)	(12.0, 0.0)	(13.0, 0.0)	(14.0, 1.0)	(15.0, 1.0)	(16.0, 0.0)	(17.0, 0.0)	(18.0, 1.0)	(19.0, 2.0)	(20.0, 7.0)	(21.0, 38.0)	(22.0, 121.0)	(23.0, 391.0)	(24.0, 1097.0)	(25.0, 3033.0)	(26.0, 6155.0)	(27.0, 10068.0)	(28.0, 14705.0)	(29.0, 19702.0)	(30.0, 26523.0)	(31.0, 35281.0)	(32.0, 49719.0)	(33.0, 71860.0)	(34.0, 103378.0)	(35.0, 204961.0)	(36.0, 174268.0)	(37.0, 46.0)
16s-H02_S71_L001_R2_001	(2.0, 92.0)	(3.0, 0.0)	(4.0, 0.0)	(5.0, 0.0)	(6.0, 0.0)	(7.0, 0.0)	(8.0, 0.0)	(9.0, 0.0)	(10.0, 0.0)	(11.0, 1.0)	(12.0, 87.0)	(13.0, 363.0)	(14.0, 390.0)	(15.0, 284.0)	(16.0, 332.0)	(17.0, 520.0)	(18.0, 599.0)	(19.0, 692.0)	(20.0, 889.0)	(21.0, 1261.0)	(22.0, 1651.0)	(23.0, 2552.0)	(24.0, 4176.0)	(25.0, 6406.0)	(26.0, 9500.0)	(27.0, 13509.0)	(28.0, 18393.0)	(29.0, 25301.0)	(30.0, 35456.0)	(31.0, 49137.0)	(32.0, 65100.0)	(33.0, 88512.0)	(34.0, 129876.0)	(35.0, 194545.0)	(36.0, 71719.0)	(37.0, 108.0)
16s-H03_S79_L001_R1_001	(2.0, 557.0)	(3.0, 0.0)	(4.0, 0.0)	(5.0, 0.0)	(6.0, 0.0)	(7.0, 0.0)	(8.0, 0.0)	(9.0, 0.0)	(10.0, 0.0)	(11.0, 0.0)	(12.0, 0.0)	(13.0, 0.0)	(14.0, 0.0)	(15.0, 0.0)	(16.0, 0.0)	(17.0, 1.0)	(18.0, 0.0)	(19.0, 2.0)	(20.0, 8.0)	(21.0, 30.0)	(22.0, 102.0)	(23.0, 263.0)	(24.0, 714.0)	(25.0, 1550.0)	(26.0, 3340.0)	(27.0, 6540.0)	(28.0, 10863.0)	(29.0, 15841.0)	(30.0, 22575.0)	(31.0, 31832.0)	(32.0, 44617.0)	(33.0, 67427.0)	(34.0, 104463.0)	(35.0, 216512.0)	(36.0, 286213.0)	(37.0, 158.0)
16s-H03_S79_L001_R2_001	(2.0, 552.0)	(3.0, 0.0)	(4.0, 0.0)	(5.0, 0.0)	(6.0, 0.0)	(7.0, 0.0)	(8.0, 0.0)	(9.0, 0.0)	(10.0, 0.0)	(11.0, 0.0)	(12.0, 50.0)	(13.0, 304.0)	(14.0, 263.0)	(15.0, 230.0)	(16.0, 233.0)	(17.0, 321.0)	(18.0, 475.0)	(19.0, 561.0)	(20.0, 750.0)	(21.0, 1093.0)	(22.0, 1397.0)	(23.0, 2067.0)	(24.0, 3326.0)	(25.0, 5289.0)	(26.0, 7754.0)	(27.0, 11491.0)	(28.0, 15994.0)	(29.0, 22209.0)	(30.0, 29733.0)	(31.0, 41497.0)	(32.0, 57379.0)	(33.0, 78585.0)	(34.0, 118819.0)	(35.0, 233315.0)	(36.0, 179850.0)	(37.0, 71.0)
16s-H04_S87_L001_R1_001	(2.0, 234.0)	(3.0, 0.0)	(4.0, 0.0)	(5.0, 0.0)	(6.0, 0.0)	(7.0, 0.0)	(8.0, 0.0)	(9.0, 0.0)	(10.0, 0.0)	(11.0, 0.0)	(12.0, 0.0)	(13.0, 0.0)	(14.0, 0.0)	(15.0, 1.0)	(16.0, 0.0)	(17.0, 1.0)	(18.0, 1.0)	(19.0, 5.0)	(20.0, 7.0)	(21.0, 31.0)	(22.0, 84.0)	(23.0, 240.0)	(24.0, 580.0)	(25.0, 1539.0)	(26.0, 3423.0)	(27.0, 6828.0)	(28.0, 11589.0)	(29.0, 17994.0)	(30.0, 25738.0)	(31.0, 36401.0)	(32.0, 51627.0)	(33.0, 78131.0)	(34.0, 118158.0)	(35.0, 226351.0)	(36.0, 298958.0)	(37.0, 200.0)
16s-H04_S87_L001_R2_001	(2.0, 233.0)	(3.0, 0.0)	(4.0, 0.0)	(5.0, 0.0)	(6.0, 0.0)	(7.0, 0.0)	(8.0, 0.0)	(9.0, 0.0)	(10.0, 0.0)	(11.0, 0.0)	(12.0, 102.0)	(13.0, 362.0)	(14.0, 314.0)	(15.0, 236.0)	(16.0, 228.0)	(17.0, 366.0)	(18.0, 524.0)	(19.0, 637.0)	(20.0, 861.0)	(21.0, 1308.0)	(22.0, 1682.0)	(23.0, 2343.0)	(24.0, 3722.0)	(25.0, 6077.0)	(26.0, 9154.0)	(27.0, 13115.0)	(28.0, 17935.0)	(29.0, 24665.0)	(30.0, 34300.0)	(31.0, 48081.0)	(32.0, 67636.0)	(33.0, 93116.0)	(34.0, 133201.0)	(35.0, 237867.0)	(36.0, 179983.0)	(37.0, 73.0)
16s-H05_S95_L001_R1_001	(2.0, 251.0)	(3.0, 0.0)	(4.0, 0.0)	(5.0, 0.0)	(6.0, 0.0)	(7.0, 0.0)	(8.0, 0.0)	(9.0, 0.0)	(10.0, 0.0)	(11.0, 0.0)	(12.0, 0.0)	(13.0, 0.0)	(14.0, 0.0)	(15.0, 1.0)	(16.0, 0.0)	(17.0, 1.0)	(18.0, 0.0)	(19.0, 7.0)	(20.0, 16.0)	(21.0, 59.0)	(22.0, 178.0)	(23.0, 659.0)	(24.0, 1732.0)	(25.0, 3957.0)	(26.0, 7287.0)	(27.0, 11685.0)	(28.0, 16705.0)	(29.0, 22126.0)	(30.0, 29225.0)	(31.0, 38988.0)	(32.0, 51852.0)	(33.0, 72204.0)	(34.0, 102067.0)	(35.0, 193878.0)	(36.0, 157422.0)	(37.0, 46.0)
16s-H05_S95_L001_R2_001	(2.0, 254.0)	(3.0, 0.0)	(4.0, 0.0)	(5.0, 0.0)	(6.0, 0.0)	(7.0, 0.0)	(8.0, 0.0)	(9.0, 0.0)	(10.0, 0.0)	(11.0, 1.0)	(12.0, 113.0)	(13.0, 330.0)	(14.0, 284.0)	(15.0, 194.0)	(16.0, 222.0)	(17.0, 311.0)	(18.0, 389.0)	(19.0, 521.0)	(20.0, 705.0)	(21.0, 979.0)	(22.0, 1333.0)	(23.0, 1771.0)	(24.0, 2645.0)	(25.0, 3979.0)	(26.0, 6082.0)	(27.0, 8898.0)	(28.0, 13028.0)	(29.0, 18642.0)	(30.0, 26485.0)	(31.0, 37450.0)	(32.0, 52874.0)	(33.0, 72803.0)	(34.0, 107090.0)	(35.0, 202515.0)	(36.0, 150383.0)	(37.0, 65.0)
16s-H06_S103_L001_R1_001	(2.0, 35.0)	(3.0, 0.0)	(4.0, 0.0)	(5.0, 0.0)	(6.0, 0.0)	(7.0, 0.0)	(8.0, 0.0)	(9.0, 0.0)	(10.0, 0.0)	(11.0, 0.0)	(12.0, 0.0)	(13.0, 0.0)	(14.0, 1.0)	(15.0, 0.0)	(16.0, 0.0)	(17.0, 0.0)	(18.0, 0.0)	(19.0, 2.0)	(20.0, 6.0)	(21.0, 32.0)	(22.0, 133.0)	(23.0, 448.0)	(24.0, 1400.0)	(25.0, 3722.0)	(26.0, 7285.0)	(27.0, 12170.0)	(28.0, 17338.0)	(29.0, 23953.0)	(30.0, 32258.0)	(31.0, 44109.0)	(32.0, 60429.0)	(33.0, 83009.0)	(34.0, 120963.0)	(35.0, 228290.0)	(36.0, 123490.0)	(37.0, 19.0)
16s-H06_S103_L001_R2_001	(2.0, 34.0)	(3.0, 0.0)	(4.0, 0.0)	(5.0, 0.0)	(6.0, 0.0)	(7.0, 0.0)	(8.0, 0.0)	(9.0, 0.0)	(10.0, 0.0)	(11.0, 0.0)	(12.0, 110.0)	(13.0, 367.0)	(14.0, 309.0)	(15.0, 229.0)	(16.0, 250.0)	(17.0, 359.0)	(18.0, 411.0)	(19.0, 535.0)	(20.0, 725.0)	(21.0, 975.0)	(22.0, 1157.0)	(23.0, 1457.0)	(24.0, 2212.0)	(25.0, 3482.0)	(26.0, 5638.0)	(27.0, 8647.0)	(28.0, 12992.0)	(29.0, 19614.0)	(30.0, 29533.0)	(31.0, 43278.0)	(32.0, 62646.0)	(33.0, 87084.0)	(34.0, 123581.0)	(35.0, 217511.0)	(36.0, 135900.0)	(37.0, 56.0)
16s-H07_S111_L001_R1_001	(2.0, 129.0)	(3.0, 0.0)	(4.0, 0.0)	(5.0, 0.0)	(6.0, 0.0)	(7.0, 0.0)	(8.0, 0.0)	(9.0, 0.0)	(10.0, 0.0)	(11.0, 0.0)	(12.0, 0.0)	(13.0, 0.0)	(14.0, 1.0)	(15.0, 0.0)	(16.0, 0.0)	(17.0, 0.0)	(18.0, 1.0)	(19.0, 1.0)	(20.0, 3.0)	(21.0, 19.0)	(22.0, 72.0)	(23.0, 193.0)	(24.0, 519.0)	(25.0, 1412.0)	(26.0, 3035.0)	(27.0, 5637.0)	(28.0, 9141.0)	(29.0, 13690.0)	(30.0, 19273.0)	(31.0, 26744.0)	(32.0, 36862.0)	(33.0, 54185.0)	(34.0, 82394.0)	(35.0, 150086.0)	(36.0, 275316.0)	(37.0, 554.0)
16s-H07_S111_L001_R2_001	(2.0, 129.0)	(3.0, 0.0)	(4.0, 0.0)	(5.0, 0.0)	(6.0, 0.0)	(7.0, 0.0)	(8.0, 0.0)	(9.0, 0.0)	(10.0, 0.0)	(11.0, 0.0)	(12.0, 94.0)	(13.0, 294.0)	(14.0, 224.0)	(15.0, 200.0)	(16.0, 208.0)	(17.0, 273.0)	(18.0, 318.0)	(19.0, 446.0)	(20.0, 668.0)	(21.0, 911.0)	(22.0, 1255.0)	(23.0, 1873.0)	(24.0, 2944.0)	(25.0, 5039.0)	(26.0, 7512.0)	(27.0, 10430.0)	(28.0, 14523.0)	(29.0, 19303.0)	(30.0, 25925.0)	(31.0, 35891.0)	(32.0, 48855.0)	(33.0, 67320.0)	(34.0, 98104.0)	(35.0, 186821.0)	(36.0, 149591.0)	(37.0, 116.0)
16s-H08_S119_L001_R1_001	(2.0, 436.0)	(3.0, 0.0)	(4.0, 0.0)	(5.0, 0.0)	(6.0, 0.0)	(7.0, 0.0)	(8.0, 0.0)	(9.0, 0.0)	(10.0, 0.0)	(11.0, 0.0)	(12.0, 0.0)	(13.0, 0.0)	(14.0, 0.0)	(15.0, 0.0)	(16.0, 0.0)	(17.0, 1.0)	(18.0, 3.0)	(19.0, 3.0)	(20.0, 9.0)	(21.0, 25.0)	(22.0, 131.0)	(23.0, 319.0)	(24.0, 913.0)	(25.0, 2363.0)	(26.0, 5196.0)	(27.0, 9149.0)	(28.0, 13765.0)	(29.0, 19062.0)	(30.0, 25421.0)	(31.0, 33994.0)	(32.0, 47368.0)	(33.0, 70201.0)	(34.0, 107075.0)	(35.0, 209890.0)	(36.0, 230746.0)	(37.0, 184.0)
16s-H08_S119_L001_R2_001	(2.0, 428.0)	(3.0, 0.0)	(4.0, 0.0)	(5.0, 0.0)	(6.0, 0.0)	(7.0, 0.0)	(8.0, 0.0)	(9.0, 0.0)	(10.0, 0.0)	(11.0, 3.0)	(12.0, 51.0)	(13.0, 294.0)	(14.0, 286.0)	(15.0, 231.0)	(16.0, 212.0)	(17.0, 312.0)	(18.0, 425.0)	(19.0, 599.0)	(20.0, 750.0)	(21.0, 999.0)	(22.0, 1393.0)	(23.0, 2156.0)	(24.0, 3152.0)	(25.0, 5024.0)	(26.0, 7511.0)	(27.0, 11165.0)	(28.0, 15745.0)	(29.0, 21822.0)	(30.0, 30627.0)	(31.0, 42804.0)	(32.0, 57983.0)	(33.0, 78226.0)	(34.0, 108725.0)	(35.0, 209734.0)	(36.0, 175502.0)	(37.0, 95.0)
16s-H09_S127_L001_R1_001	(2.0, 195.0)	(3.0, 0.0)	(4.0, 0.0)	(5.0, 0.0)	(6.0, 0.0)	(7.0, 0.0)	(8.0, 0.0)	(9.0, 0.0)	(10.0, 0.0)	(11.0, 0.0)	(12.0, 0.0)	(13.0, 0.0)	(14.0, 0.0)	(15.0, 1.0)	(16.0, 0.0)	(17.0, 0.0)	(18.0, 0.0)	(19.0, 0.0)	(20.0, 8.0)	(21.0, 31.0)	(22.0, 90.0)	(23.0, 256.0)	(24.0, 718.0)	(25.0, 1800.0)	(26.0, 4003.0)	(27.0, 7704.0)	(28.0, 12348.0)	(29.0, 18071.0)	(30.0, 24601.0)	(31.0, 33478.0)	(32.0, 46532.0)	(33.0, 68314.0)	(34.0, 99859.0)	(35.0, 198123.0)	(36.0, 211306.0)	(37.0, 100.0)
16s-H09_S127_L001_R2_001	(2.0, 195.0)	(3.0, 0.0)	(4.0, 0.0)	(5.0, 0.0)	(6.0, 0.0)	(7.0, 0.0)	(8.0, 0.0)	(9.0, 0.0)	(10.0, 0.0)	(11.0, 0.0)	(12.0, 100.0)	(13.0, 327.0)	(14.0, 270.0)	(15.0, 200.0)	(16.0, 215.0)	(17.0, 329.0)	(18.0, 395.0)	(19.0, 509.0)	(20.0, 687.0)	(21.0, 936.0)	(22.0, 1274.0)	(23.0, 1892.0)	(24.0, 2974.0)	(25.0, 4725.0)	(26.0, 7196.0)	(27.0, 10524.0)	(28.0, 14566.0)	(29.0, 20671.0)	(30.0, 28415.0)	(31.0, 40031.0)	(32.0, 55625.0)	(33.0, 74990.0)	(34.0, 105894.0)	(35.0, 194126.0)	(36.0, 160389.0)	(37.0, 83.0)
16s-H10_S135_L001_R1_001	(2.0, 131.0)	(3.0, 0.0)	(4.0, 0.0)	(5.0, 0.0)	(6.0, 0.0)	(7.0, 0.0)	(8.0, 0.0)	(9.0, 0.0)	(10.0, 0.0)	(11.0, 0.0)	(12.0, 0.0)	(13.0, 0.0)	(14.0, 0.0)	(15.0, 0.0)	(16.0, 0.0)	(17.0, 0.0)	(18.0, 1.0)	(19.0, 6.0)	(20.0, 12.0)	(21.0, 51.0)	(22.0, 139.0)	(23.0, 425.0)	(24.0, 1164.0)	(25.0, 2788.0)	(26.0, 5547.0)	(27.0, 9151.0)	(28.0, 13458.0)	(29.0, 18572.0)	(30.0, 24630.0)	(31.0, 33362.0)	(32.0, 45486.0)	(33.0, 66043.0)	(34.0, 100045.0)	(35.0, 183656.0)	(36.0, 297282.0)	(37.0, 438.0)
16s-H10_S135_L001_R2_001	(2.0, 130.0)	(3.0, 0.0)	(4.0, 0.0)	(5.0, 0.0)	(6.0, 0.0)	(7.0, 0.0)	(8.0, 0.0)	(9.0, 0.0)	(10.0, 0.0)	(11.0, 0.0)	(12.0, 143.0)	(13.0, 386.0)	(14.0, 355.0)	(15.0, 237.0)	(16.0, 212.0)	(17.0, 316.0)	(18.0, 426.0)	(19.0, 565.0)	(20.0, 815.0)	(21.0, 1211.0)	(22.0, 1672.0)	(23.0, 2449.0)	(24.0, 3978.0)	(25.0, 6166.0)	(26.0, 8676.0)	(27.0, 12249.0)	(28.0, 17166.0)	(29.0, 23183.0)	(30.0, 31301.0)	(31.0, 42504.0)	(32.0, 58335.0)	(33.0, 79428.0)	(34.0, 109951.0)	(35.0, 209741.0)	(36.0, 190702.0)	(37.0, 90.0)
16s-H11_S143_L001_R1_001	(2.0, 219.0)	(3.0, 0.0)	(4.0, 0.0)	(5.0, 0.0)	(6.0, 0.0)	(7.0, 0.0)	(8.0, 0.0)	(9.0, 0.0)	(10.0, 0.0)	(11.0, 0.0)	(12.0, 0.0)	(13.0, 0.0)	(14.0, 0.0)	(15.0, 0.0)	(16.0, 0.0)	(17.0, 0.0)	(18.0, 2.0)	(19.0, 4.0)	(20.0, 6.0)	(21.0, 19.0)	(22.0, 56.0)	(23.0, 132.0)	(24.0, 395.0)	(25.0, 1024.0)	(26.0, 2542.0)	(27.0, 4904.0)	(28.0, 8182.0)	(29.0, 12096.0)	(30.0, 17268.0)	(31.0, 23390.0)	(32.0, 31202.0)	(33.0, 45102.0)	(34.0, 68818.0)	(35.0, 121057.0)	(36.0, 271763.0)	(37.0, 1253.0)
16s-H11_S143_L001_R2_001	(2.0, 215.0)	(3.0, 0.0)	(4.0, 0.0)	(5.0, 0.0)	(6.0, 0.0)	(7.0, 0.0)	(8.0, 0.0)	(9.0, 0.0)	(10.0, 0.0)	(11.0, 0.0)	(12.0, 81.0)	(13.0, 259.0)	(14.0, 212.0)	(15.0, 168.0)	(16.0, 168.0)	(17.0, 299.0)	(18.0, 318.0)	(19.0, 408.0)	(20.0, 540.0)	(21.0, 890.0)	(22.0, 1269.0)	(23.0, 2062.0)	(24.0, 3288.0)	(25.0, 5298.0)	(26.0, 7677.0)	(27.0, 10797.0)	(28.0, 14042.0)	(29.0, 18252.0)	(30.0, 23557.0)	(31.0, 31849.0)	(32.0, 43133.0)	(33.0, 58725.0)	(34.0, 85782.0)	(35.0, 166060.0)	(36.0, 133994.0)	(37.0, 91.0)
16s-H12_S151_L001_R1_001	(2.0, 67.0)	(3.0, 0.0)	(4.0, 0.0)	(5.0, 0.0)	(6.0, 0.0)	(7.0, 0.0)	(8.0, 0.0)	(9.0, 0.0)	(10.0, 0.0)	(11.0, 0.0)	(12.0, 0.0)	(13.0, 0.0)	(14.0, 0.0)	(15.0, 1.0)	(16.0, 3.0)	(17.0, 0.0)	(18.0, 0.0)	(19.0, 1.0)	(20.0, 7.0)	(21.0, 16.0)	(22.0, 55.0)	(23.0, 248.0)	(24.0, 785.0)	(25.0, 2081.0)	(26.0, 4359.0)	(27.0, 7576.0)	(28.0, 11421.0)	(29.0, 16531.0)	(30.0, 22371.0)	(31.0, 30002.0)	(32.0, 41167.0)	(33.0, 59548.0)	(34.0, 88421.0)	(35.0, 164091.0)	(36.0, 249951.0)	(37.0, 284.0)
16s-H12_S151_L001_R2_001	(2.0, 65.0)	(3.0, 0.0)	(4.0, 0.0)	(5.0, 0.0)	(6.0, 0.0)	(7.0, 0.0)	(8.0, 0.0)	(9.0, 0.0)	(10.0, 0.0)	(11.0, 0.0)	(12.0, 94.0)	(13.0, 297.0)	(14.0, 240.0)	(15.0, 225.0)	(16.0, 227.0)	(17.0, 328.0)	(18.0, 331.0)	(19.0, 455.0)	(20.0, 637.0)	(21.0, 1032.0)	(22.0, 1472.0)	(23.0, 2042.0)	(24.0, 3213.0)	(25.0, 5186.0)	(26.0, 7669.0)	(27.0, 10854.0)	(28.0, 14550.0)	(29.0, 20297.0)	(30.0, 27320.0)	(31.0, 38232.0)	(32.0, 52557.0)	(33.0, 73609.0)	(34.0, 111481.0)	(35.0, 205710.0)	(36.0, 120793.0)	(37.0, 70.0)
